1:0 33 45 22 74 73 75 77 79 402 36 230 235 388 38 76
2:0 33 45 22 74 73 75 77 79 402 36 230 235 388 38 76
3:0 570 570 80 33 45 22 74 73 75 77 79 402 36 230 235 388 38 76
4:0 10 45 52 108 225 424 163 53 184 83 517 394
5:0 10 45 52 108 225 424 163 53 184 83 517 394
6:0 403 403 337 257 10 45 52 108 225 424 163 53 184 83 517 394
7:0 33 39 55 110 229 44 352 182 240 401 504 334 56 130
8:0 33 39 55 110 229 44 352 182 240 401 504 334 56 130
9:0 430 430 33 39 55 110 229 44 352 182 240 401 504 334 56 130
10:0 33 81 450
11:0 106 106
12:0 16 16 106 33 81 450 48 93 77 78 79 60 18 403 219 405 366 476 483
25:0 580 186 575 417 204 84 39 45 98 86 104 486 364 209 97 21 435 85 113 87
25:1 580 186 575 417 204 84 39 45 98 86 104 486 364 209 97 21 435 85 113 87
25:2 580 186 575 417 204 84 39 45 98 86 104 486 364 209 97 21 435 85 113 87
25:3 580 186 575 417 204 84 39 45 98 86 104 486 364 209 97 21 435 85 113 87
25:4 580 186 575 417 204 84 39 45 98 86 104 486 364 209 97 21 435 85 113 87
25:5 580 186 575 417 204 84 39 45 98 86 104 486 364 209 97 21 435 85 113 87
25:6 580 186 575 417 204 84 39 45 98 86 104 486 364 209 97 21 435 85 113 87
25:7 580 186 575 417 204 84 39 45 98 86 104 486 364 209 97 21 435 85 113 87
26:0 9 9 580 186 575 417 204 86 104 486 364 209 97 21 435 85 113 87 84 39 45 98
26:1 94 94 580 186 575 417 204 86 104 486 364 209 97 21 435 85 113 87 84 39 45 98
35:0 47 186 586 227 204 150 1 383 45 111 500 107 495 791 118 236 356 309 266 322 572 361
36:0 47 186 586 227 204 500 107 495 791 118 236 356 309 266 322 572 361 150 1 383 45 111
37:0 52 39 50 98 180 510 109 261 326 53 286 83 219 517 288 126
37:1 181 39 50 420 180 196 109 62 326 58 286 54 635 329 288 59
38:0 417 510 180 510 109 261 326 53 286 83 219 517 288 126 52 39 50 98
38:1 563 563 417 180 196 109 62 326 58 286 54 635 329 288 59 181 39 50 420
43:0 71 74 51 230 72 77 78 79 202 92 572 593 236 80
44:0 71 74 51 230 72 77 78 79 202 92 572 593 236 80
45:0 570 570 312 72 77 78 79 202 92 572 593 236 80 71 74 51 230
50:0 28 10 45 310 189 523 389 163 201 91 414 89 90
50:1 28 232 45 310 189 523 389 442 201 91 414 89 90
51:0 328 328 400 161 28 10 45 310 189 523 389 163 201 91 414 89 90
51:1 328 328 400 161 28 232 45 310 189 523 389 442 201 91 414 89 90
52:0 252 45 364 10 6 44 269 372 154 103 163 417 579
52:1 252 45 364 10 6 44 269 372 154 103 400 417 579
52:2 252 45 468 10 6 232 269 207 154 103 163 319 37
53:0 408 408 415 252 45 364 10 6 44 269 372 154 103 163 417 579
53:1 408 408 511 415 252 45 364 10 6 44 269 372 154 103 400 417 579
58:0 52 43 336 44 172 270 97 424 514 242 36 53 46 579 179 394
59:0 245 245 659 172 270 97 424 514 242 36 53 46 579 179 394 52 43 336 44
66:0 67 43 116 279 490 282 184 233 70 530 339 69 223 238 38
67:0 67 43 116 279 490 282 184 233 70 530 339 69 223 238 38
68:0 469 67 43 116 279 490 282 184 233 70 530 339 69 223 238 38
77:0 33 45 39 52 488 97 172 23 83 36 517 126 394
77:1 33 45 39 93 565 97 60 23 505 36 563 94 361
78:0 661 661 224 398 33 98 45 39 52 488 97 172 23 83 36 517 126 394
78:1 427 427 224 33 98 45 39 93 565 97 60 23 505 36 563 94 361
83:0 64 28 43 210 15 332 314 282 206 163 14 403 348 97 413
83:1 64 28 43 210 249 664 197 282 432 280 14 21 348 515 413
90:0 33 55 110 420 43 250 48 62 182 534 334 58 504 56
91:0 333 333 556 390 191 43 250 48 62 182 534 334 58 504 56 33 55 110 420
92:0 122 109 95 212 371 180 174 506 101 389 399 247 194 138
93:0 325 325 122 109 95 212 371 180 174 506 101 389 399 247 194 138
94:0 325 195 513 122 109 95 212 371 180 174 506 101 389 399 247 194 138
95:0 33 106 20 88 479 397 225 174 157 103 328 446 21 201 91 231 444 38
98:0 55 43 106 232 341 182 61 23 175 534 21 14 152 12
99:0 469 359 55 43 106 232 341 182 61 23 175 534 21 14 152 12
106:0 280 280 364 490 33 270 252 116 24 67 203 279 469 299 170 25 370 179 136
107:0 409 409 364 410 418 33 270 252 116 183 602 197 279 501 9 8 7 97 5 370 68 264
109:0 139 33 123 108 499 372 124 114 120 188 92 584 153 262 194
110:0 458 458 257 139 33 123 108 499 372 124 114 120 188 92 584 153 262 194
110:1 458 458 790 432 257 123 108 114 139 33 565 583 499 372 124 312 120 188 92 584 153 262 194 599
111:0 33 39 479 523 30 184 23 350 529 36 89 444 224 32
112:0 359 359 33 39 479 523 30 184 23 350 529 36 89 444 224 32
118:0 64 39 48 352 30 97 392 175 127 487 224 32
119:0 64 39 48 352 30 97 392 175 127 487 224 32
122:0 501 469 384 385 1 383 226 227 93 272 182 278 60 102 113 115 219 389 563 94 298
122:1 383 227 272 182 278 102 113 115 219 563 599 1 229 226 420 93 502 196 24 60 95 243 389 568 94 298
129:0 150 33 175
130:0 44 44 175 150 33 43 239 250 423 362 184 127 242 240 401 349 56 542 37 63
131:0 45 55 47 54 791 420 109 352 362 34 58 240 56 195 329
132:0 144
133:0 343 270 33 45 39 28 98 560 129 44 383 226 36 204 38 387
134:0 55 55 343 129 44 383 226 36 204 38 270 33 45 39 28 98 560 114 352 62 392 330 151 56 387
135:0 84 84 343 129 44 383 226 36 204 38 270 33 45 39 28 98 560 86 24 422 42 435 97 87 387
136:0 52 52 343 129 383 226 36 204 38 270 33 45 39 28 98 560 123 44 424 83 436 184 394 387
143:0 278 343 254 256 103 374 118 175 387 122 33 111 335 281 44 156 173 214 242 34 484 133 624 359 187 584 416
150:0 791 636 50 93 129 246 427 219 133 396 94 384 385 54 540 105 248
151:0 1 513 133 226 246 791 417 118 286 144 396 94
163:0 64 45 33 497 93 115 375 403 326 36 253 355 572 95 138
164:0 143 64 45 33 497 93 115 375 403 326 36 253 355 572 95 138
170:0 55 48 486 86 61 109 209 268 435 392 175 36 56
171:0 254 256 255 254 256 255 587 55 48 486 86 61 109 209 268 435 392 175 36 56
172:0 84 39 580 186 575 417 204
173:0 150 1 383 47 186 586 227 204
175:0 45 1 186 791 204 246 281 118 495 38 219 266 226 387 273
176:0 565 565 45 1 186 791 204 246 281 118 495 38 219 266 226 387 273
177:0 64 43 500 100 109 101 375 384 385 94 273 248
178:0 403 403 366 64 43 500 100 109 101 375 384 385 94 273 248
182:0 570 570 483 72 77 78 79 202 92 572 593 236 80 71 74 51 230
185:0 21 21 444 359 452 313 383 175 88 335 102 317 671 389 157 67 68 38 457
194:0 55 39 240 341 54 114 21 281 401 330 133 92 89
195:0 55 39 240 341 54 114 21 281 401 330 133 92 89
196:0 93 93 343 44 383 226 36 204 38 270 33 45 39 28 98 560 129 60 234 384 94 244 248 387
197:0 555 555 343 129 44 383 226 36 204 38 270 33 45 39 28 98 560 109 372 236 385 399 103 212 387
202:0 68 243 219 194 150 204 227 133 68 243 219 194
208:0 242 422 423 424 397 33 106 20 88 479 475 225 174 157 103 328 446 21 201 91 231 444 38 393
211:0 40 33 106 55 591 107 191 362 279 42 390 398 254 255 36 92 401 367 194
213:0 110 35 205 522 88 219 156 450 471 470 157 380 605 379 444 504
215:0 10 43 269 98 232 196 154 468 251 97 103 163
220:0 33 189 181 175 420 54 203 196 133 36 89 59
221:0 423 423 246 33 189 181 175 420 54 203 196 133 36 89 59 37
222:0 33 106 55 392 203 246 61 175 791 408 414 105 243
222:1 33 106 310 50 180 246 506 174 650 408 101 288 243
223:0 55 270 352 116 60 62 61 199 331 58 56 487 63
224:0 190 190 441 350 270 55 35 352 116 60 62 61 199 331 58 56 487 63
225:0 217 65
226:0 60 331 355 33 55 48 17 352 469 97 61 29 403 392 340 36 56
236:0 33 270 252 116
237:0 167 167 364 229 33 270 252 116 98 360 197 279 469 501 389 97 91 370 68 283
246:0 33 43 88 371 44 184 157 666 103 399 242 89 444 37 201 63
247:0 334 334 33 43 88 371 44 184 157 666 103 399 242 89 444 37 201 63
248:0 334 422 423 424 33 43 88 371 44 184 157 666 103 399 242 89 444 37 201 63 416
251:0 93 215 345 226 246 791 73 105 248 361 437 195
263:0 33 45 28 39 343 29 560 42 156 36 374 175 187 38
263:1 33 43 28 122 555 29 560 42 156 36 184 68 269 38
264:0 163 163 415 42 560 33 45 28 39 343 29 468 154 156 36 374 175 187 38
264:1 400 400 415 42 560 33 43 28 122 555 29 468 154 156 36 184 68 269 38
270:0 310 45 71 55 54 72 175 61 267 202 240 428 412
271:0 298 252 282 175 310 45 71 55 54 72 154 61 267 202 240 428 412 56
272:0 298 252 282 175 54 72 154 61 267 202 240 428 412 56 310 45 71 55
273:0 33 106 71 310 74 205 72 371 267 241 235 389 153
274:0 75 75 314 259 252 207 235 153 33 106 71 310 74 205 72 371 267 241 326 389 348
275:0 536 536 75 314 259 252 207 18 542 235 153 74 205 72 371 267 241 326 389 348 33 106 71 310
278:0 45 55 98 48 17 352 97 403 54 355 542
279:0 182 487 98 97 403 45 55 366 48 17 352 254 256 255 374 54 355 542 56
280:0 45 586 104 93 95 564 100 60 791 204 347 94 505 138 248
281:0 45 586 104 93 95 564 100 60 791 204 347 94 505 138 248
282:0 563 563 572 599 361 204 45 586 104 93 95 564 100 60 791 273 347 94 505 138 248
290:0 28 10 106 206 189 71 232 154 170 91
291:0 104 103 210 104 103 210 226 332 189 232 91 28 10 106 206 97 71 450 154 170 163 14 404
292:0 421 288 189 232 91 10 28 106 206 109 71 425 154 170 247 180 578
302:0 43 10 310 109 425 252 50 197 101 154 282 511 421 212 408 428 247 492
303:0 310 45 565 226 44 254 256 255 389 334 242 230 442 269 313 579
309:0 33 86 43 336 98 351 44 422 46 435 268 528 87
310:0 424 33 86 43 336 98 351 44 422 46 435 268 528 87 588
315:0 40 40 71 74 78 388 72 73 345 390 230 202 235 92 570 312 275 80
320:0 150 45 310 55 54 352 484 362 250 291 340 34 156 133 56 323
321:0 487 574 150 45 310 55 54 352 484 362 250 291 340 34 156 133 56 323
324:0 123 52 110 229 108 499 172 182 436 34 334 53 174 257 133 517 504 284
328:0 28 310 636 44 189 328 523 91 242 201 414 89 276 90
329:0 225 225 636 523 91 242 276 90 28 310 48 44 189 328 525 103 405 201 414 89 253 407 561
330:0 337 337 225 349 364 636 523 91 242 276 90 28 310 48 44 189 328 525 103 405 201 414 89 253 407 561
337:0 572 236 33 106 93 88 95 397 157 473 322 94 444 248 478 153
338:0 394 234 33 106 93 88 95 397 157 428 322 94 444 76 472 153
339:0 189 55 156 173 352 133 401 330 89 248 90
340:0 37 37 584 428 321 189 55 156 173 352 133 401 330 89 248 90
341:0 55 106 43 269 61 282 458 182 400 534 14 242 152 283 12
342:0 129 129 55 106 43 269 61 282 458 182 400 534 14 242 152 283 12
343:0 106 189 229 93 317 379 60 246 286 322 326 414 120 470 471 201 153
344:0 63 63 100 106 189 229 93 317 379 60 246 286 322 326 414 120 470 471 201 153
349:0 150 33 175
350:0 352 352 175 150 33 35 55 586 239 392 213 791 525 105 401 219 57 240 489 56
355:0 310 43 50 425 109 101 371 261 212 506 174 247 248
356:0 325 325 7 8 9 356 20 310 43 50 425 109 101 371 261 212 506 174 247 248
360:0 68 243 219 194 150 204 227 133
361:0 181 310 43 104 420 182 196 524 44 423 258 29 242 59
362:0 568 568 329 181 310 43 104 420 182 196 524 44 423 258 29 242 59
385:0 93 273 129 270 791 428 356 94 309 361 156 248 38 322 387 353
406:0 71 74 78 388
407:0 593 40 607 72 73 345 390 230 202 235 92 570 312 275 80 71 74 78 388
415:0 230 16 522 450
416:0 163 163 522 450 230 16 40 109 210 583 591 154 207 312 403 408 92 454 455 194
420:0 234 33 625 74 270 345 73 36 570 388 76
421:0 241 241 592 234 33 625 74 270 345 73 36 570 388 76 80
421:1 241 241 592 234 33 625 74 270 345 73 36 570 388 76 80
422:0 55 189 106 105 352 246 34 330 414 240 262
422:1 55 189 106 105 352 246 34 330 414 240 262
423:0 55 189 106 105 352 246 34 330 414 240 262
423:1 55 189 106 105 352 246 34 330 414 240 262
425:0 107 310 16 116 371 506 247 254 256 255 120 194 226 366 153
426:0 578 578 650 107 310 16 116 371 506 247 254 256 255 120 194 226 366 153
434:0 139 10 364 108 491 154 116 44 474 103 92 389 262 400 584 607 153
435:0 53 53 139 10 364 108 491 154 116 44 474 103 92 389 262 400 584 607 153
436:0 33 93 109 371 286 360 95 219 326 484 334 319 248
437:0 335 335 241 311 33 93 109 371 286 360 95 219 326 484 334 319 248 240
438:0 313 383 175 88 335 102 317 671 389 157 67 68 38
439:0 1 383 226 227 93 272 182 278 60 102 113 115 219 389 563 94 298
446:0 122 33 111 278 343 44 254 256 103 34 374 133 118 175 187 387
447:0 98 203 364 232 68 526 249 417 103 501 395 14 270 383 515 179
448:0 396 396 791 526 249 417 103 395 270 383 515 179 98 197 364 232 68 636 602 347 319 501 198 14 505 309 406 245 370
449:0 33 28 44 281 328 91 242 201 36 46 156 89 38 90 303
450:0 423 424 422 33 28 44 281 328 91 242 201 36 46 156 89 38 90 303
451:0 40 43 468 591 305 44 390 450 474 282 184 42 92 400 440 404 367 242
452:0 422 423 424 40 43 468 591 305 44 390 450 474 282 184 42 92 400 440 404 367 242
453:0 40 189 310 269 260 279 474 389 207 398 92 417 188 584
454:0 40 189 310 269 260 279 474 389 207 398 92 417 188 584
458:0 33 55 48 17 352 469 97 61 29 403 392 340 36 56
459:0 181 43 625 54 420 75 196 207 275 452 59 329
460:0 8 8 635 181 43 625 54 420 75 196 207 275 452 59 329
461:0 279 372 98 251 97 163 10 43 269 420 232 196 154 468 374 417 103 400 399
464:0 359 33 39 479 523 30 184 23 350 529 36 89 444 224 32 439
468:0 403 403 565 143 396 245 161 204 246 281 118 495 38 219 266 226 387 273 45 1 186 791
470:0 75 75 343 129 44 383 226 36 204 38 270 33 45 39 28 98 560 73 345 235 241 202 14 348 387
471:0 196 196 343 129 383 226 36 204 38 270 33 45 39 28 98 560 420 44 423 258 568 243 59 387
473:0 458 458 423 246 33 189 181 175 420 54 203 196 133 36 89 59 37
475:0 163 163 400 45 586 95 564 286 60 791 204 347 94 138 248 43 210 104 93 270 364 100 332 206 182 14 427 505 501 469 370
477:0 325 7 8 9 356 20 310 43 50 425 109 101 371 261 212 506 174 247 248 194
478:0 506 506 194 182 44 423 29 242 181 310 43 104 420 564 196 524 109 258 261 635 247 59
479:0 310 104 84 109 268 486 86 351 506 164 271 435 253
479:1 310 104 84 109 268 486 86 351 506 164 271 435 253
479:2 310 104 84 109 268 486 86 351 506 164 271 435 253
479:3 310 104 84 109 268 486 86 351 506 164 271 435 253
479:4 310 104 84 109 268 486 86 351 506 164 271 435 253
479:5 310 104 84 109 268 486 86 351 506 164 271 435 253
509:0 10 45 28 252 154 259 372 468 389 417 400 579
510:0 10 45 28 252 154 259 372 468 389 417 400 579
517:0 500 111 95 60 286 236 277 428 347 281 94 572 138 248 472
518:0 633 286 236 277 428 347 281 94 572 138 248 472 500 111 95 60
519:0 16 45 43 98 269 314 207 297 197 403 355 366 143
520:0 16 45 43 98 269 314 207 297 197 403 355 366 143
521:0 16 45 43 98 269 314 207 297 197 403 355 366 143
524:0 28 33 106 446 189 479 334 29 157 350 201 444 153
525:0 408 408 28 33 106 446 189 479 334 29 157 350 201 444 153
526:0 408 28 33 106 446 189 479 334 29 157 350 201 444 153
527:0 16 213 93 283 314 286 372 133 403 94 347 248 493
528:0 16 213 93 283 314 286 372 133 403 94 347 248 493
529:0 189 229 10 468 154 232 201 306 157 91 14 529 89 90
530:0 32 32 189 229 10 468 154 232 201 306 157 91 14 529 89 90
532:0 1 43 67 88 116 339 157 21 184 223 359 444 276 264
533:0 1 43 67 88 116 339 157 21 184 223 359 444 276 264
534:0 1 43 67 88 116 339 157 21 184 223 359 444 276 264
535:0 497 45 51 48 341 496 61 175 253 392 304 330 240 56
536:0 497 45 51 48 341 496 61 175 253 392 304 330 240 56
537:0 409 409 380 497 45 51 48 341 496 61 175 253 392 304 330 240 56
538:0 20 43 116 509 469 279 339 480 233 69 203 179 276
539:0 249 43 116 24 501 490 339 514 280 68 203 179 370
546:0 71 270 565 78 72 75 74 77 202 204 73 178 412 241 283 538 76
547:0 16 366 572 262 542 72 75 74 77 202 204 73 178 412 241 283 538 76 71 270 565 78
550:0 55 39 33 175 453 44 184 29 487 242 36 515 401 37 38 457
550:1 55 39 33 175 453 44 184 29 487 242 36 515 401 37 38 457
554:0 52 33 269 44 510 526 424 29 7 253 187 394 37 276
554:1 181 33 269 44 419 526 423 29 8 253 187 59 37 276
555:0 359 359 52 33 269 44 510 526 424 29 7 253 187 394 37 276
555:1 359 359 52 33 269 44 510 526 424 29 7 253 187 394 37 276
555:2 556 556 181 33 269 44 419 526 423 29 8 253 187 59 37 276
555:3 556 556 181 33 269 44 419 526 423 29 8 253 187 59 37 276
556:0 604 64 71 495 275 74 72 73 389 42 202 230 235 570 178 241 76 367 80 538
557:0 210 28 110 479 450 175 163 157 446 350 404 397 504 439
558:0 210 28 110 479 450 175 163 157 446 350 404 397 504 439
559:0 67 43 371 29 28 263 182 251 184 280 207 242 136 264 457
560:0 67 43 371 29 28 263 182 251 184 280 207 242 136 264 457
561:0 16 93 356 95 314 60 18 322 403 94 366 113 115 143 285
562:0 310 182 114 101 50 261 562 506 212 288 174 247 399 471 470 194
562:1 310 182 114 101 50 664 562 506 212 21 174 247 89 471 470 194
563:0 421 421 184 310 182 114 101 50 261 562 506 212 288 174 247 399 471 470 194
568:0 1 139 278 491 133 499 390 124 254 256 36 188 92 584 220 441 153
569:0 1 36 232 139 278 491 133 499 390 124 254 256 34 188 92 584 220 441 153
572:0 1 560 270 497 47 204 129 227 495 541 321 21 304 387
573:0 331 350 47 204 129 227 495 541 321 21 304 387 1 560 270 497
574:0 1 93 580 321 60 204 473 95 313 244 94 260 248 478
575:0 1 93 580 321 60 204 473 95 313 244 94 260 248 478
576:0 1 93 580 321 60 204 473 95 313 244 94 260 248 478
577:0 182 93 105 283 60 204 473 113 115 502 220 94 285 248 472
578:0 182 93 105 283 60 204 473 113 115 502 220 94 285 248 472
579:0 359 359 182 93 105 283 60 204 473 113 115 502 220 94 285 248 472
582:0 310 106 269 54 196 419 258 333 253 151 243 58 59 329
583:0 310 106 269 54 196 419 258 333 253 151 243 58 59 329
584:0 311 556 568 310 106 269 54 196 419 258 333 253 151 243 58 59 329
588:0 64 43 210 203 206 491 29 175 184 404 14 36 405 38
589:0 591 203 175 184 36 38 64 43 210 501 206 491 29 179 334 404 14 442 405 416 368
592:0 71 55 40 101 352 240 506 362 105 247 250 56 194 323
593:0 151 71 55 40 101 352 240 506 362 105 247 250 56 194 323
595:0 71 210 527 450 81 86 486 97 389 163 435 103 380 405
596:0 605 605 71 210 527 450 81 86 486 97 389 163 435 103 380 405
597:0 33 106 232 42 275 430 442 120 334 174 360 153
598:0 438 438 33 106 232 42 275 430 442 120 334 174 360 153
599:0 84  20 268 451 319 475 435 103 544 199 508 192 63
600:0 84  20 268 451 319 475 435 103 544 199 508 192 63
601:0 653 597 84  20 268 451 319 475 435 103 544 199 508 192 63 588
605:0 93 45 286 100 60 471 470 29 428 105 347 472 94
606:0 633 93 45 286 100 60 471 470 29 428 105 347 472 94
607:0 310 123 52 107 109 506 261 83 101 174 247 517 286 220 315 262
608:0 310 123 52 107 109 506 261 83 101 174 247 517 286 220 315 262
609:0 109 506 261 83 101 174 247 517 286 220 315 262 310 123 52 107
610:0 10 43 44 206 372 269 163 337 184 242 349 530 636 406 14 200 12 416
611:0 10 43 44 206 372 269 163 337 184 242 349 530 636 406 14 200 12 416
612:0 10 43 44 206 372 269 163 337 184 242 349 530 636 406 14 200 12 416
613:0 181 45 203 154 196 580 362 524 163 175 204 258 37 156 59 329
614:0 556 556 453 204 181 45 203 154 196 580 362 524 163 175 207 258 37 156 59 329 276
616:0 71 182 51 174 72 522 281 151 202 385 34 105 405 515
617:0 582 51 174 281 151 385 34 71 104 491 98 72 522 129 97 202 384 369 105 405 515 92
618:0 189 33 55 84 203 341 279 268 389 588 340 330 435 175 90
618:1 189 33 55 232 203 341 279 319 389 334 340 330 779 175 90
622:0 189 310 111 1 325 174 101 666 334 5 247 484 578 359 89 223
623:0 624 264 189 310 111 1 325 174 101 666 334 5 247 484 578 359 89 223
624:0 10 43 210 232 259 184 372 319 163 400 334 636 442 14 12
625:0 368 10 43 210 232 259 184 372 319 163 400 334 636 442 14 12
627:0 64 43 468 17 366 184 332 163 18 306 403 432 37 413
628:0 276 276 143 64 43 468 17 366 184 332 163 18 306 403 432 37 413
629:0 16 43 260 365 366 282 334 18 403 399 417 432 213 413
630:0 198 198 143 92 16 43 260 365 366 282 334 18 403 399 417 432 213 413
631:0 122 33 154 510 450 254 256 255 163 20 657 468 133 83 517 394
632:0 210 28  232 251 450 44 97 91 404 242 319 442 494 334 12
633:0 33 116 225 44 46 372 29 526 21 242 184 406 34 304 407 417 200
634:0 33 458 116 225 44 46 372 29 526 21 242 184 406 34 304 407 417 200
635:0 33 458 161 116 225 44 46 372 29 526 21 242 184 406 34 304 407 417 200 63
638:0 98 43 270 526 232 501 24 514 368 36 533 14 442 370
639:0 98 43 270 526 479 501 24 514 157 36 533 14 444 370
640:0 98 43 270 526 345 501 24 514 202 36 533 14 348 370
643:0 225 574 246 424 163 242 326 406 53 558 304 126 286 200 551
644:0 225 574 246 422 163 242 428 337 85 559 304 87 286 200 550
646:0 225 574 246 568 163 283 406 58 304 184 59 286 200 549 329
646:1 225 574 246 568 163 283 406 58 304 558 59 286 200 554 329
646:2 225 574 246 568 163 283 406 58 304 559 59 286 200 553 329
647:0 548 453 43 270 526 61 501 24 514 401 36 533 14 56 370
647:1 548 453 43 270 526 61 501 24 514 401 36 533 14 56 370
659:0 189 43 33 636 98 341 175 24 523 91 340 36 14 89 162
660:0 189 43 33 636 98 341 175 24 523 91 340 36 14 89 162 359
674:0 33 43 292 269 509 490 526 163 233 242 34 600 494
675:0 400 400 418 33 43 292 269 509 490 526 163 233 242 34 600 494 359
677:0 10 43 252 586 93 343 60 113 115 473
678:0 212 10 43 252 586 93 270 204 343 60 389 272 113 115 473 286 501 94 599
678:1 345 10 43 252 586 93 500 451 343 60 389 272 113 115 473 326 247 94 248
679:0 33 210 425 475 332 319 163 400 514 334 442 379 14 533
680:0 33 210 425 475 332 319 163 400 514 334 442 379 14 533
681:0   457 332 319 163 400 514 334 442 379 14 533 33 210 425 475
681:1   457 332 319 163 400 514 334 442 379 14 533 33 210 425 475
682:0 565 230 186 497 564 312 564 213 175 599 94 204 347 572 285
683:0 583 505 565 230 186 497 586 312 564 213 175 599 94 204 347 572 285 244
684:0 33 230 580 565 312 564 313 496 81 178 412 273 579 538 283
685:0 33 230 580 565 312 564 313 496 81 178 412 273 579 538 283 605
686:0 64 33 95 35 371 365 60 207 163 400 427 415 492 606 276
687:0 179 64 33 95 35 371 365 60 207 163 400 427 415 492 606 276
688:0 189 10 110 55 210 154 246 397 163 468 534 504 238
689:0 130 189 10 110 55 210 154 246 397 163 468 534 504 238 444
694:0 189 39 1 84 98 268 523 521 577 86 85 589 87
695:0 587 435 98 268 523 521 577 86 85 589 87 189 39 1 84
700:0 586 586 343 44 383 226 36 204 38 270 33 45 39 28 98 560 129 113 564 599 285 244 572 387
701:0 33 468 17 197 332 227 297 66 340 269 355 14 566 136 283 143
704:0 71 33 55 225 182 175 352 240 406 174 34 330
705:0 491 491 71 33 55 225 182 175 352 240 406 174 34 330
706:0 401 401 491 342 671 364 71 33 55 225 182 175 352 240 406 174 34 330 438
708:0 310 33 785 73 109 261 506 74 532 174 578 275 452 194 
709:0 421 421 310 33 785 73 109 261 506 74 532 174 578 275 452 194 
710:0 581 310 425 109 581 75 73 331 581 184 388 402 581 247 271 220
710:1 581 310 425 109 581 75 73 331 581 184 388 402 581 247 271 220
710:2 581 310 425 109 581 75 73 331 581 184 388 402 581 247 271 220
710:3 581 310 425 109 581 75 73 331 581 184 388 402 581 247 271 220
711:0 153 572 581 310 425 109 581 75 73 331 581 184 388 402 581 247 271 220 578
711:1 153 572 581 310 425 109 581 75 73 331 581 184 388 402 581 247 271 220 578
711:2 153 572 581 310 425 109 581 75 73 331 581 184 388 402 581 247 271 220 578
711:3 153 572 581 310 425 109 581 75 73 331 581 184 388 402 581 247 271 220 578
712:0 229 106 33 181 174 196 182 419 44 423 334 105 242 36 59 38
713:0 34 34 469 229 106 33 181 174 196 182 419 44 423 334 105 242 36 59 38 130
714:0 71 33 16 48 104 17 44 314 18 162 403 103 355 366 542
715:0 406 406 236 71 33 16 48 104 17 44 314 18 162 403 103 355 366 542 561
722:0 33 45 625 310 64 425 75 235 365 417 389 348 297 413
723:0 33 45 625 310 64 425 75 235 365 417 389 348 297 413
724:0 642 642 578 437 369 180 33 45 625 310 64 425 75 235 365 417 389 348 297 413
725:0 10 45 52 122 46 154 44 24 424 184 207 53 37 394
726:0 10 45 52 122 46 154 44 24 424 184 207 53 37 394
727:0 643 643 238 634 339 10 45 52 122 46 154 44 24 424 184 207 53 37 394
728:0 1 45 55 586 453 560 196 47 61 227 599 304 572 56
729:0 1 45 55 586 453 560 196 47 61 227 599 304 572 56
730:0 644 644 1 45 55 586 453 560 196 47 61 227 599 304 572 56
736:0  189 81 450 44 209 605 404 242 91
737:0 268 268  189 81 450 44 209 605 404 242 91 334 435
738:0 85 85 268 404 242 91 334 435  189 81 450 44 209 605 405 12 19 97 192
742:0 71 565 78 230 564 522 312 415 563 405 483
743:0 654 654 343 71 565 78 230 564 522 312 415 563 405 483
746:0 55 45 270 251 362 671 291 487 253 401 392 283 56 38
746:1 55 45 270 251 362 671 291 487 253 401 392 283 56 38
747:0 40 64 469 44 474 105 42 390 668 607 398 92
748:0 647 647 40 64 469 44 474 105 42 390 668 607 398 92
749:0 189 249 334 24 523 23 70 68 624 484 89 25 276
750:0 189 249 334 24 523 23 70 68 624 484 89 25 276
751:0 55 571 450 44 61 392 29 242 487 494 656 668 141 243
752:0 469 55 571 450 44 61 392 29 242 487 494 656 668 141 243
755:0 71 310 109 275 72 79 236 650 202 563 147 572 138
756:0 71 310 109 275 72 79 236 650 202 563 147 572 138
757:0 10 139 123 52 305 230 417 510 474 406 607 53 92 283
758:0 657 657 282 227 259 207 50 10 283 1 139 123 52 305 230 417 510 474 406 607 53 92
759:0 33 43 560 371 664 203 70 36 175 359 37 220 38 276
760:0 20 20 33 43 560 371 664 203 70 36 175 359 37 220 38 276
761:0 150 580 229 75 230 345 175 298 583 312
762:0 175 150 580 229 75 230 345 23 298 583 312 437
763:0 639 639 438 175 580 150 207 229 75 230 345 23 298 583 312 437 136
765:0 93 269 495 347 500 244 511 417 428 433 94 641 492 248
766:0 33 43 249 116 251 184 36 374 339 37 38 370 179 416
767:0 522 28 111
768:0 646 646 522 28 111 180 249 210 341 450 334 389 163 534 42 14 668
771:0 226 106 270 269 219 68 662 174 380 220 105 487 92 262
772:0 33 286 332 184 458 319 306 403 161 404 442 36 38
773:0 638 638 153 422 423 424 305 286 442 33 44 332 184 458 319 306 403 161 404 242 36 38 600
773:1 638 638 153 422 423 424 305 286 442 33 44 332 184 458 319 306 403 161 404 242 36 38 600
773:2 638 638 153 422 423 424 305 286 442 33 44 332 184 458 319 306 403 161 404 242 36 38 600
773:3 638 638 153 422 423 424 305 286 442 33 44 332 184 458 319 306 403 161 404 242 36 38 600
773:4 638 638 153 422 423 424 305 286 442 33 44 332 184 458 319 306 403 161 404 242 36 38 600
773:5 638 638 153 422 423 424 305 286 442 33 44 332 184 458 319 306 403 161 404 242 36 38 600
773:6 638 638 153 422 423 424 305 286 442 33 44 332 184 458 319 306 403 161 404 242 36 38 600
773:7 638 638 153 422 423 424 305 286 442 33 44 332 184 458 319 306 403 161 404 242 36 38 600
773:8 638 638 153 422 423 424 305 286 442 33 44 332 184 458 319 306 403 161 404 242 36 38 600
773:9 638 638 153 422 423 424 305 286 442 33 44 332 184 458 319 306 403 161 404 242 36 38 600
773:10 638 638 153 422 423 424 305 286 442 33 44 332 184 458 319 306 403 161 404 242 36 38 600
773:11 638 638 153 422 423 424 305 286 442 33 44 332 184 458 319 306 403 161 404 242 36 38 600
773:12 638 638 153 422 423 424 305 286 442 33 44 332 184 458 319 306 403 161 404 242 36 38 600
773:13 638 638 153 422 423 424 305 286 442 33 44 332 184 458 319 306 403 161 404 242 36 38 600
773:14 638 638 153 422 423 424 305 286 442 33 44 332 184 458 319 306 403 161 404 242 36 38 600
773:15 638 638 153 422 423 424 305 286 442 33 44 332 184 458 319 306 403 161 404 242 36 38 600
773:16 638 638 153 422 423 424 305 286 442 33 44 332 184 458 319 306 403 161 404 242 36 38 600
773:17 638 638 153 422 423 424 305 286 442 33 44 332 184 458 319 306 403 161 404 242 36 38 600
776:0 123 33 52 182 203 175 510 334 406 34 53 629 504 315 153
777:0 575 33 111 268 84 591 209 42 393 672 435 588 528 604
778:0 452 150 310 10 383 425 104 560 102 468 163 421 204 579 220
778:1 452 150 310 10 383 425 104 560 102 468 163 421 204 579 220
780:0 580 497 239 182 137 219 225 326 406 113 19 304 200
781:0 71 229 310 35 72 74 360 415 202 250 484 21 247 319 655 412 578 438
782:0 33 43 182 525 184 29 526 103 334 337 574 349 200
783:0 475 33 43 182 525 184 29 526 103 334 337 574 349 200 370
784:0 637 637 187 475 33 43 182 525 184 29 526 103 334 337 574 349 200 370  561 775
789:0 150 100
790:0 322 322 100
791:0 631 631 322 100 232 574 442 319 428 430 234 242 368 528 76 394 469 416
792:0 626 626 322 100 93 95 101 109 403 247 236 539 277 572 578 138 469 63
800:0 236 234 451 356 232 93 446 163 400 427 500 350 334 408 705 475 669
800:1 236 234 451 356 232 93 446 163 400 427 500 350 334 408 705 475 669
800:2 236 234 451 356 232 93 446 163 400 427 500 350 334 408 705 475 669
802:0 9 409 7 8 383 425 364 68 272 325 395 372 389 409 244 670 636 283 370
807:0 602 252 10 98 555 209 154 501 163 521 268 9 468 435 528 97 709 370
808:0 84 106 39 29 86 151 430
809:0 9 9 84 106 39 29 86 151 430 5 182 435 223 276  63 742
810:0 10 45 785 269 75 103 282 21 253 452 283
811:0 458 458 10 45 785 269 75 103 282 21 253 452 283
812:0 778 778 458 593 574 10 45 785 269 75 103 282 21 253 452 283 561
813:0 33 45 52 98 24 488 97 29 68 340 38
814:0 33 45 52 98 24 488 97 29 68 340 38
815:0 780 780 364 33 45 52 98 24 488 97 29 68 340 38 756
816:0 1 45 55 20 352 671 389 369 668 487 240
817:0 1 45 55 20 352 671 389 369 668 487 240
818:0 745 745 512 1 45 55 20 352 671 389 369 668 487 240 56
819:0 33 39 44 747 254 256 255 34 156 68 331 162 584
820:0 343 343 33 39 44 747 254 256 255 34 156 68 331 162 584
821:0 64 43 658 468 31 365 269 184 65 207 413
822:0 64 43 658 468 31 365 269 184 65 207 413
823:0 211 211 334 319 64 43 658 468 31 365 269 184 65 207 413
824:0 522
825:0 115 113 93 115 113 93 522
826:0 115 113 93 522 109 277 97 60 95 502 405 243 94 495 347 633
827:0 98 39 251 468 555 372 417 389 400 541 492
828:0 168 168 98 39 251 468 555 372 417 389 400 541 492 600
829:0 625 47 229 230 75 496 536 235 304 312 437
830:0 178 178 625 47 229 230 75 496 536 235 304 312 437 538
831:0 33 45 111 383 470 24 29 36 385 179 538 38
832:0 33 45 111 383 470 24 29 36 385 179 538 38 387
833:0 33 55 44 182 29 68 746 668 34
834:0 317 317 534 242 397 33 55 44 182 29 68 746 668 34 457
835:0 33 39 575 44 46 209 204 242 268 528 579
836:0 589 33 39 575 44 46 209 204 242 268 528 579 588
837:0 33 108 229 479 397 246 510 446 535 350
838:0 488 488 33 108 229 479 397 246 510 446 535 350 659
839:0 749 749 488 33 108 229 479 397 246 510 446 535 350 659
840:0 110 310
841:0 17 17 278 110 310 74 239 491 512 73 182 225 349 406 788 334 19 407
842:0 29 29 278 110 310 74 230 174 23 73 182 331 105 787 34 334 406 412
843:0 35 28 107 664 523 29 137 91 201 21 489 328
844:0 130 35 28 107 664 523 29 137 91 201 21 489 328
845:0 584 64 254 256 255 55 31 365 291 65 133 37 56
845:1 584 64 254 256 255 55 31 365 291 65 133 37 56
845:2 584 64 254 256 255 55 31 365 291 65 133 37 56
846:0 64 453 31 44 97 291 636 242 668 38
847:0 634 64 453 31 44 97 291 636 242 668 38
848:0 584 671 575 45 175 51
849:0 209 209 587 584 671 575 45 175 51 84 491 43 574 268 351 184 269 474 103 207 92 435 398 786 561 508
849:1 209 209 587 584 671 575 45 175 51 84 491 43 574 268 351 184 269 607 103 207 92 435 398 786 561 597
850:0 52 108 35 44 172 450 489 21 83 242 657 656 659
851:0 517 52 108 35 44 172 450 489 21 83 242 657 656 659
852:0 249 43 364 20 197 280 339 66 269 179 276
853:0 753 753 190 249 43 364 20 197 280 339 66 269 179 276 606
854:0 310 110 583 72 182 389 312 202 417 247 262 504
854:1 310 110 583 72 182 389 312 202 417 247 262 504
855:0 752 752 650 310 110 583 72 182 389 312 202 417 247 262 504 174
855:1 752 752 650 310 110 583 72 182 389 312 202 417 247 262 504 174
856:0 93 580 791 586 312 60 505 563 347 94 361
857:0 664 664 93 580 791 586 312 60 505 563 347 94 361
858:0 427 427 664 93 580 791 586 312 60 505 563 347 94 361 750
859:0 252 585 44 260 313 372 207 389 259 399 417 579 492
860:0 793 793 252 585 44 260 313 372 207 389 259 399 417 579 492
861:0 789 789 793 339 602 252 585 44 260 313 372 207 389 259 399 417 579 492 359
862:0 792 792 238 66 400 415 42 560 33 43 28 122 555 29 468 154 156 36 184 68 269 38
863:0 442 442 368 334 252 45 468 10 6 232 269 207 154 103 163 319 37
864:0 195 33 106 310 50 180 246 506 174 650 408 101 288 243
865:0 334 334 646 64 28 43 210 249 664 197 282 432 280 14 21 348 515 413 794
866:0 313 303 495 335 383 227 272 182 278 102 113 115 219 563 599 1 229 226 420 93 502 196 24 60 95 243 389 568 94 298
867:0 421 421 184 310 182 114 101 50 664 562 506 212 21 174 247 89 471 470 194
868:0 33 583 186 230 564 312 213 151 563 105 599 494
869:0 777 777 33 583 186 230 564 312 213 151 563 105 599 494
869:1 777 777 33 583 186 230 564 312 213 151 563 105 599 494
869:2 777 777 33 583 186 230 564 312 213 151 563 105 599 494
869:3 777 777 33 583 186 230 564 312 213 151 563 105 599 494
869:4 777 777 33 583 186 230 564 312 213 151 563 105 599 494
869:5 777 777 33 583 186 230 564 312 213 151 563 105 599 494
869:6 777 777 33 583 186 230 564 312 213 151 563 105 599 494
869:7 777 777 33 583 186 230 564 312 213 151 563 105 599 494
869:8 777 777 33 583 186 230 564 312 213 151 563 105 599 494
870:0 33 182 249 116 29 339 203 179 646  334 370 224 68
871:0 64 84 55 268 31 209 61 105 174 588 398 672 367 435
872:0 181 522
873:0 196 196 181 522 270 213 78 571 54 432 297 62 258 405 635 59 366 469 483
874:0 88 335 397 317 356 23 446 157 34 469 484 444 25
875:0 181 33 54 311 196 29 133 568 258 635 57 59
875:1 181 33 54 311 196 29 133 568 258 635 57 59
876:0 500 580 227 586 60 270 495 312 94 347 471 633 387
876:1 500 580 226 586 60 270 266 312 94 347 470 633 361
877:0 84 39 43 658 98 260 44 209 259 97 331 242 783 37
877:1 84 39 43 658 98 260 44 209 259 97 331 242 783 37
878:0 33 45 205 249 523 23 334 91 70 442 579 624 276
879:0 484 484 33 45 205 249 523 23 334 91 70 442 579 624 276
880:0 33 84 268 332 246 365 525 23 21 435 754 406 407
881:0 181 84 268 497 246 365 419 568 21 435 754 556 59
882:0 33 55 182 664 246 44 225 23 162 242 755 406 407
883:0 181 55 182 196 246 44 635 568 162 242 755 556 59
884:0 232 43 249 468 319 784 525 334 636 337 430 368 63
885:0 310 571 98 44
886:0 406 406 310 571 98 44 199 372 506 97 458 369 349 578 36 407 38 387
887:0 751 751 225 389 310 571 98 44 199 372 506 97 458 369 349 578 36 407 38 387
888:0 533 501 232 336 98 44 163 14 442 636 242 572 370 416
888:1 533 501 232 336 98 44 163 14 781 636 242 572 370 416
889:0 368 469 232 336 98 44 163 334 442 636 242 572 370 416
889:1 368 469 232 336 98 44 163 334 782 636 242 572 370 416
890:0 342 109 525 97 92 474 349 440 406 53 744 322 105 63 795
890:1 342 109 525 97 92 474 349 440 406 53 744 322 105 63 795
