1:0 345 76 113 219 156 173 182 202 204 213 241 263 270 311 331 474 496 593 206
2:0 345 76 113 219 156 173 182 202 204 213 241 263 270 311 331 474 496 593 206
3:0 63 416 345 76 113 219 156 173 182 202 204 213 241 263 270 311 331 474 496 523 593 206 666
4:0 5 25 7 9 83 91 156 157 173 182 184 213 241 251 261 263 129 270 280 311 317 374 421 424 496 512 206
5:0 5 25 7 9 83 91 156 157 173 182 184 213 241 251 261 263 129 270 280 311 317 374 421 424 496 512 206
6:0 5 25 7 9 19 63 416 76 83 91 156 157 173 182 184 211 213 241 251 261 263 129 270 280 311 317 374 421 424 496 512 523 573 206 403 664 784
7:0 5 25 8 91 156 173 182 196 213 240 258 250 263 270 280 291 311 317 362 374 496 206
8:0 5 25 8 91 156 173 182 196 213 240 258 250 263 270 280 291 311 317 362 374 496 206
9:0 5 25 8 63 416 91 156 157 173 182 196 213 240 258 250 263 270 280 291 311 317 362 374 419 496 523 206
10:0 527
11:0 527
12:0 63 416 76 219 156 168 173 182 202 213 240 241 263 129 369 474 496 512 527 564 403
25:0 5 25 6 9 86 91 113 115 156 168 173 182 204 213 240 263 129 270 280 374 496 521 527 564 588
25:1 5 25 6 9 86 91 113 115 156 168 173 182 204 213 240 263 129 270 280 374 496 521 527 564 588
25:2 5 25 6 9 86 91 113 115 156 168 173 182 204 213 240 263 129 270 280 374 496 521 527 564 588
25:3 5 25 6 9 86 91 113 115 156 168 173 182 204 213 240 263 129 270 280 374 496 521 527 564 588
25:4 5 25 6 9 86 91 113 115 156 168 173 182 204 213 240 263 129 270 280 374 496 521 527 564 588
25:5 5 25 6 9 86 91 113 115 156 168 173 182 204 213 240 263 129 270 280 374 496 521 527 564 588
25:6 5 25 6 9 86 91 113 115 156 168 173 182 204 213 240 263 129 270 280 374 496 521 527 564 588
25:7 5 25 6 9 86 91 113 115 156 168 173 182 204 213 240 263 129 270 280 374 496 521 527 564 588
26:0 5 25 6 9 63 416 86 91 113 115 219 156 168 173 182 204 213 240 263 129 270 280 374 660 496 521 527 564 588 587 664
26:1 5 25 6 9 63 416 86 91 113 115 219 156 168 173 182 204 213 240 263 129 270 280 374 660 478 496 521 527 564 588
35:0 5 25 7 8 9 345 76 86 91 113 115 219 156 173 182 196 204 213 240 241 263 270 280 286 313 340 374 409 472 496 514 564 599 573
36:0 5 25 7 8 9 63 416 345 76 86 91 113 115 219 156 173 182 196 204 213 240 241 263 270 280 286 313 340 374 409 472 496 514 564 599 573
37:0 83 91 219 156 173 182 213 241 261 263 129 286 311 371 384 496 506 541 573
37:1 91 219 156 173 182 196 204 213 240 258 263 129 286 311 371 384 496 506 541 564
38:0 63 416 76 83 91 219 156 173 182 213 241 261 263 129 286 311 313 371 384 496 506 541 573
38:1 63 416 76 91 219 156 173 182 196 204 213 240 258 263 129 286 311 313 371 384 419 472 496 506 541 564 599
43:0 76 156 173 182 202 204 213 241 263 331 474 496 593
44:0 76 156 173 182 202 204 213 241 263 331 374 409 474 496 593
45:0 63 416 76 219 156 173 182 202 204 213 241 263 331 374 409 474 496 593
50:0 91 103 156 157 168 173 182 213 201 241 251 263 317 372 421 496 523 666
50:1 91 103 156 157 168 173 182 213 201 241 251 263 317 372 421 496 523 666
51:0 63 416 91 103 156 157 168 173 182 213 201 241 251 263 317 328 372 421 496 523 666
51:1 63 416 91 103 156 157 168 173 182 213 201 241 251 263 317 328 372 421 496 523 666
52:0 6 91 103 156 168 173 182 196 204 213 240 241 263 129 369 371 372 421 496 514
52:1 6 91 103 156 168 173 182 196 204 213 240 241 263 129 369 371 372 421 496 514
52:2 6 91 103 156 168 173 182 213 240 241 263 369 371 372 421 496 514
53:0 6 63 416 91 103 156 168 173 182 196 204 213 240 241 263 129 369 371 372 421 496 514
53:1 6 63 416 91 103 156 168 173 182 196 204 213 240 241 251 263 129 313 369 371 372 421 496 514 555
58:0 83 91 219 156 168 173 182 213 241 261 263 129 270 424 496 514 555
59:0 63 416 76 83 91 219 156 168 173 182 184 213 241 261 263 129 270 422 424 496 514 523 555
66:0 5 25 7 8 9 91 113 156 157 168 173 182 184 213 240 241 263 270 279 280 317 371 374 490 496 514 523
67:0 5 25 7 8 9 91 113 156 157 168 173 182 184 213 240 241 263 270 279 280 317 371 374 490 496 514 523 666
68:0 5 25 7 8 9 63 416 91 113 156 157 168 173 182 184 213 240 241 263 270 279 280 317 350 371 372 374 440 490 496 514 523 666
77:0 76 630 83 156 173 182 204 213 241 261 263 129 340 496 573
77:1 156 173 182 204 213 263 129 286 340 496 573
78:0 6 63 416 76 630 83 156 173 182 204 213 241 261 263 129 340 496 573 661
78:1 6 63 416 156 173 182 204 213 263 129 286 340 427 433 472 478 496 599 633 573 661
83:0 19 630 156 168 173 182 211 213 241 263 129 270 279 369 496 512 514 206 403 664
83:1 630 156 173 182 211 213 241 263 270 279 280 372 496 514 664
90:0 103 120 156 173 182 196 213 240 258 250 263 129 291 333 341 350 362 371 419 496 534
91:0 42 63 416 103 113 120 156 173 182 196 213 240 258 250 263 129 291 311 333 341 350 362 371 419 496 534 661
92:0 7 8 9 120 156 168 173 182 184 196 202 213 240 241 261 263 371 433 472 474 496 506
93:0 7 8 9 120 156 168 173 182 184 196 202 213 240 241 261 263 371 374 421 433 472 474 496 506
94:0 5 25 7 8 9 63 416 120 156 168 173 182 184 196 202 213 240 241 261 263 280 286 371 374 409 421 433 472 474 496 506 578
95:0 91 103 120 156 157 173 182 184 213 201 241 263 317 328 350 371 496 523 664 666 784
98:0 91 156 157 168 173 182 196 213 240 258 250 263 280 291 317 341 362 374 496 534 206
99:0 63 416 91 156 157 168 173 182 196 213 240 258 250 263 280 291 317 341 362 374 496 534 206 664 666
106:0 5 25 156 157 168 173 182 213 240 241 263 129 270 279 280 317 340 374 490 496 514 523 666
107:0 5 25 7 8 9 156 157 168 173 182 213 240 241 263 129 270 279 280 317 374 409 490 496 514 523
109:0 103 120 156 168 173 182 213 240 241 261 263 371 372 474 496
110:0 63 416 103 120 156 168 173 182 213 240 241 261 263 371 372 474 496
110:1 63 416 103 120 156 168 173 182 213 240 241 261 263 371 372 472 474 496 599 664
111:0 91 156 157 168 173 182 184 196 213 201 240 241 263 317 341 350 371 422 423 424 496 523 661 666
112:0 5 25 6 7 8 9 63 416 91 156 157 168 173 182 184 196 213 201 240 241 250 263 270 280 317 341 350 371 374 419 421 422 423 424 496 523 661 664 666 784
118:0 156 173 182 196 213 240 258 250 263 129 291 340 341 496 661
119:0 63 416 156 173 182 196 213 240 258 250 263 129 291 340 341 496 661
122:0 5 25 7 8 9 63 416 345 76 86 113 115 219 156 168 173 182 196 204 213 240 241 263 270 280 371 374 384 385 409 433 472 478 496 599 633 573
122:1 5 25 8 63 416 76 86 103 113 115 219 156 168 173 182 196 204 213 240 241 258 263 270 280 333 371 374 384 385 409 419 433 472 478 496 599 633 666
129:0 340
130:0 63 416 86 156 173 182 184 196 213 201 240 258 250 263 291 340 362 371 419 423 496 523 664
131:0 63 416 219 156 173 182 196 204 213 240 258 250 263 270 291 311 362 419 496 523 661
132:0 
133:0 6 91 156 173 182 204 213 240 241 263 129 270 311 313 496 514
134:0 6 63 416 91 156 173 182 196 204 213 240 241 258 250 263 129 270 291 311 313 362 496 514
135:0 6 42 63 416 86 91 113 156 173 182 204 213 240 241 263 129 270 311 313 422 496 514 521
136:0 6 63 416 83 91 156 173 182 184 204 213 240 241 261 263 129 270 311 313 424 496 514 573
143:0 5 25 6 7 8 9 63 416 76 103 120 156 157 173 182 196 204 213 201 240 241 250 263 280 317 374 496 514 523 666
150:0 5 25 6 7 8 9 63 416 76 86 113 115 219 120 156 157 173 182 196 201 240 241 258 261 263 129 280 291 317 374 384 385 660 409 419 427 433 472 478 490 496 523 633 664
151:0 5 25 6 7 8 9 19 42 63 416 345 76 630 83 86 91 103 113 115 219 120 156 157 168 173 182 184 196 202 204 211 213 201 240 241 258 250 251 261 263 129 270 279 280 286 291 311 313 317 328 331 333 340 341 350 362 369 371 372 374 384 385 660 409 419 421 422 423 424 427 433 472 478 440 474 490 496 506 512 514 521 523 527 534 541 555 578 564 593 599 588 633 573 587 206 403 661 664 666 784
163:0 19 103 115 156 168 173 182 211 213 240 241 263 129 286 496 403
164:0 19 63 416 103 115 156 168 173 182 211 213 240 241 263 129 286 496 403
170:0 86 103 156 173 182 196 213 240 258 250 263 291 340 362 496 521
171:0 63 416 86 103 156 173 182 196 213 240 258 250 263 291 340 362 496 521 587
172:0 5 25 9 86 113 115 156 173 182 204 213 240 263 129 270 374 496 521 527 588
173:0 5 25 345 76 86 91 113 115 219 156 173 182 196 204 213 240 241 263 270 313 374 472 496 564 599
175:0 5 25 76 86 113 115 219 156 173 182 204 213 240 241 263 129 270 374 496 564 573
176:0 5 25 19 63 416 345 76 86 113 115 219 156 173 182 204 211 213 240 241 263 129 270 280 286 374 409 496 514 564 573 661
177:0 76 86 113 115 156 168 173 182 202 211 213 240 241 263 129 286 369 384 385 433 478 496 403
178:0 19 63 416 76 86 113 115 156 168 173 182 202 211 213 240 241 263 129 286 369 384 385 433 478 496 403
182:0 63 416 345 76 219 156 173 182 202 204 213 241 263 270 331 374 409 474 496 593
185:0 5 25 7 8 9 91 120 156 157 168 173 182 213 201 241 263 270 280 313 317 328 350 374 496 523 666
194:0 8 91 219 156 173 182 196 213 201 240 258 250 263 291 341 385 496 523 587 666
195:0 5 25 8 63 416 91 219 156 157 168 173 182 196 213 201 240 258 250 263 280 291 317 341 374 385 496 523 587 666
196:0 6 63 416 91 113 115 156 173 182 204 213 240 241 263 129 270 311 313 384 433 478 496 514
197:0 6 63 416 91 103 156 168 173 182 204 213 240 241 263 129 270 311 313 371 372 385 472 496 514 555
202:0 219 204
208:0 63 416 91 103 120 156 157 173 182 184 213 201 241 263 317 328 350 371 422 423 424 496 523 664 666 784
211:0 42 86 120 156 173 182 184 196 213 240 258 250 263 129 279 291 340 362 371 372 474 496 506
213:0 91 219 156 157 173 182 213 201 241 263 270 317 328 341 350 474 496 523
215:0 5 25 8 91 103 115 156 168 173 182 196 213 240 241 258 250 251 263 129 280 313 371 374 419 421 427 490 496 514 555 206
220:0 91 113 115 156 157 173 182 184 196 213 201 240 258 263 317 328 333 341 419 496 523
221:0 63 416 91 113 115 156 157 173 182 184 196 213 201 240 258 263 317 328 333 341 419 423 496 523 666
222:0 91 103 113 115 219 120 156 157 173 182 196 213 201 240 241 258 250 263 317 333 350 362 496 523 666
222:1 91 103 113 115 219 120 156 157 173 182 196 202 213 201 240 241 258 250 261 263 317 333 350 362 496 506 523 666
223:0 63 86 103 156 168 173 182 196 213 240 241 250 263 129 270 291 331 340 341 350 362 372 496
224:0 63 416 86 103 156 168 173 182 196 213 240 241 250 263 129 270 291 331 340 341 350 362 371 372 496
225:0 5 25 8 19 156 168 173 182 196 211 213 240 258 263 129 270 280 311 333 340 372 374 419 496 664
226:0 63 416 156 157 173 182 196 213 240 258 250 263 129 270 291 317 331 340 350 362 372 496 512 523 403
236:0 5 25 156 157 168 173 182 213 240 241 263 129 270 280 490 496 514 523
237:0 5 25 91 156 157 168 173 182 213 201 240 241 263 129 270 279 280 490 496 514 523 664
246:0 63 91 103 156 157 173 182 184 213 201 240 241 263 280 317 328 371 372 496 514 523 555 666
247:0 63 91 103 156 157 173 182 184 213 201 240 241 263 280 317 328 371 372 496 514 523 555 666
248:0 5 25 7 8 9 63 416 86 91 103 156 157 173 182 184 213 201 240 241 250 263 279 280 317 328 350 371 372 374 419 421 422 423 424 496 514 523 555 664 666 784
251:0 63 416 345 76 630 86 113 115 219 156 173 182 202 201 240 241 263 129 270 286 311 369 374 427 433 472 478 496 593 633
263:0 42 86 91 156 168 173 182 196 204 213 240 241 250 263 129 270 341 374 496 514 541
263:1 42 86 91 103 156 168 173 182 184 196 213 240 241 250 263 129 270 313 341 371 372 374 496 514 555
264:0 42 63 416 86 91 156 168 173 182 196 204 213 240 241 250 263 129 270 341 374 421 496 514 541 666
264:1 42 63 416 86 91 103 156 168 173 182 184 196 213 240 241 250 263 129 270 313 341 371 372 374 421 496 514 555 666
270:0 76 156 168 173 182 196 202 213 240 241 258 250 263 331 496
271:0 5 25 7 8 9 76 156 168 173 182 196 202 213 240 241 258 250 263 280 291 331 341 374 409 496
272:0 5 25 7 8 9 63 416 76 156 168 173 182 196 202 213 240 241 258 250 263 280 291 311 331 341 374 409 496
273:0 76 91 120 156 173 182 202 213 241 251 263 331 371 384 496 514 593 206
274:0 25 63 76 630 91 120 156 157 168 173 182 202 213 241 251 263 129 280 317 331 371 372 374 384 490 496 514 555 593 206
275:0 25 63 416 76 630 91 103 120 156 157 168 173 182 196 202 213 241 251 263 129 279 280 317 331 340 371 372 374 384 490 496 514 555 593 206 403 664
278:0 19 156 168 173 182 196 211 213 240 258 263 129 362 369 496 403
279:0 19 63 416 156 168 173 182 196 211 213 240 258 250 263 129 311 362 369 371 374 496 403
280:0 5 25 7 8 9 345 86 113 115 219 156 168 173 182 196 204 213 240 241 261 263 129 270 286 374 433 472 478 496 564 599
281:0 5 25 7 8 9 345 86 113 115 219 156 168 173 182 196 204 213 240 241 261 263 129 270 286 374 433 472 478 496 564 599
282:0 5 25 7 8 9 63 416 345 86 113 115 219 156 168 173 182 196 204 213 240 241 261 263 129 270 286 374 384 385 433 472 478 496 564 599 633 573
290:0 76 91 156 173 182 202 201 241 263 496 206
291:0 63 416 76 91 103 156 168 173 182 202 201 241 263 129 369 496 512 206 403
292:0 63 416 76 91 156 168 173 182 202 201 241 261 263 421 496 506 578 206
302:0 5 25 7 8 9 91 156 168 173 182 196 213 240 241 261 263 270 280 286 317 371 374 409 421 472 490 496 506 514 555
303:0 5 25 8 9 63 416 76 156 157 173 182 196 213 201 240 241 263 270 280 313 317 371 372 374 385 422 423 424 496 564 599 206 664
309:0 86 113 156 168 173 182 213 240 263 129 422 423 424 496 521 555 587
310:0 63 416 86 113 156 168 173 182 184 213 240 263 129 422 423 424 496 521 555 588 587
315:0 42 345 76 156 173 182 202 213 240 241 263 129 311 331 474 496
320:0 120 156 173 182 196 213 240 258 250 263 291 311 317 340 362 419 496 523
321:0 63 416 120 156 173 182 196 213 240 258 250 263 291 311 317 340 362 419 496 523
324:0 63 416 76 83 120 156 157 173 182 213 241 261 263 311 317 496 523 666
328:0 63 76 91 156 157 173 182 202 213 201 241 263 317 328 341 496 523
329:0 19 63 76 91 103 156 157 173 182 202 211 213 201 241 263 129 317 328 341 369 496 523 403
330:0 5 25 7 9 19 63 416 76 83 91 103 156 157 173 182 202 211 213 201 241 263 129 317 328 341 369 496 523 403 664 784
337:0 63 416 113 115 219 120 156 157 173 182 196 201 240 258 263 129 270 311 317 328 350 384 433 478 496 512 523 633 666
338:0 63 416 76 83 113 115 219 120 156 157 173 182 201 240 241 261 263 129 270 311 317 328 350 384 433 472 496 512 523 633 666
339:0 156 173 182 196 213 201 240 258 250 263 291 317 340 341 496 523
340:0 63 416 156 157 173 182 196 213 201 240 258 250 263 291 311 317 328 340 341 496 523 666
341:0 91 156 157 173 182 196 213 240 258 250 263 280 317 341 371 374 496 534 206
342:0 63 416 91 156 157 173 182 196 213 240 258 250 263 129 279 280 291 317 341 371 374 419 496 514 534 555 206
343:0 76 91 113 115 219 120 156 157 173 182 201 240 241 263 286 317 328 384 385 433 472 496 506 523 633 587
344:0 63 416 76 91 113 115 219 120 156 157 173 182 201 240 241 263 286 317 328 384 385 433 472 496 506 523 633 587
349:0 113 156 173 182 196 213 240 258 250 263 129 291 341 362 496
350:0 63 416 113 219 156 173 182 196 213 240 258 250 263 129 270 286 291 311 341 362 419 496 523 664 784
355:0 156 168 173 182 196 213 240 241 261 263 270 279 286 371 374 433 472 496 506
356:0 5 25 7 8 9 63 416 156 157 168 173 182 196 213 240 241 261 263 270 279 280 286 317 371 374 433 472 496 506 523
360:0 219 204
361:0 113 219 156 173 182 196 213 240 258 263 311 313 419 423 496 506
362:0 63 416 113 219 120 156 173 182 184 196 213 240 258 263 311 313 333 371 419 423 496 506 523
385:0 5 25 7 8 9 63 416 86 113 115 219 156 173 182 196 204 201 240 241 263 129 270 286 369 374 409 433 478 496
406:0 42 76 156 173 182 202 213 240 241 263 129 311 331 474 496
407:0 42 63 416 345 76 156 173 182 202 213 240 241 263 129 311 331 474 496 593
415:0 173
416:0 42 63 416 103 156 168 173 182 213 240 241 251 263 129 279 369 372 374 440 474 496 506 512 403
420:0 345 76 219 156 173 182 202 213 241 263 270 311 331 496 564 593
421:0 63 416 345 76 630 219 156 173 182 202 213 241 263 270 311 331 496 564 593
421:1 63 416 345 76 630 219 156 173 182 202 213 241 263 270 311 331 496 564 593
422:0 156 173 182 196 213 240 258 250 263 291 341 362 496
422:1 156 173 182 196 213 240 258 250 263 291 341 362 496
423:0 63 416 91 156 157 173 182 196 213 201 240 258 250 263 291 311 317 328 341 362 496 523 666
423:1 63 416 91 156 157 173 182 196 213 201 240 258 250 263 291 311 317 328 341 362 496 523 666
425:0 86 120 156 168 173 182 196 213 240 241 261 263 129 311 371 496 506 512 664
426:0 19 63 416 86 120 156 168 173 182 196 213 240 241 261 263 129 286 311 371 496 506 512 578 664
434:0 91 103 156 168 173 182 184 213 240 241 263 129 371 372 421 474 496 506 541 555
435:0 63 416 83 91 103 156 168 173 182 184 213 240 241 263 129 371 372 421 474 496 506 541 555
436:0 76 113 115 219 156 157 173 182 201 240 241 263 286 317 371 384 385 660 433 472 496 506 523
437:0 63 416 76 113 115 219 156 157 173 182 201 240 241 263 286 311 317 371 384 385 660 433 472 496 506 523 633
438:0 91 120 156 157 168 173 182 213 201 241 263 270 280 313 317 328 496 666
439:0 76 86 113 115 219 156 168 173 182 196 204 213 240 241 263 270 280 374 409 433 472 478 496 599 633
446:0 5 25 6 7 8 9 76 103 120 156 157 173 182 196 204 213 201 240 241 250 263 280 317 374 496 514 523 666
447:0 5 25 8 9 91 103 156 157 173 182 213 240 241 263 129 270 279 280 317 371 374 409 421 490 496 514 523
448:0 5 25 8 9 63 416 91 103 156 157 173 182 184 213 240 241 263 129 270 279 280 317 371 374 409 421 490 496 514 523
449:0 91 156 157 173 182 213 201 241 263 279 311 317 328 341 496 523 666
450:0 63 416 91 156 157 173 182 213 201 241 263 279 311 317 328 341 422 423 424 496 523 666
451:0 42 91 103 156 168 173 182 184 213 240 241 263 280 317 371 372 374 440 474 496 206
452:0 42 63 416 91 103 156 157 168 173 182 184 213 240 241 263 280 317 328 371 372 374 422 423 424 440 474 496 514 523 555 206 664 666
453:0 5 25 8 9 91 103 156 157 168 173 182 196 213 240 241 263 270 279 280 317 340 371 372 374 409 474 490 496 514 523
454:0 5 25 8 9 63 416 91 103 156 157 168 173 182 196 213 240 241 263 270 279 280 317 340 371 372 374 409 440 474 490 496 514 523
458:0 156 157 173 182 196 213 240 258 250 263 129 270 291 340 496 512 523 403
459:0 5 8 345 76 113 219 156 173 182 196 202 213 240 258 263 311 331 419 496
460:0 5 25 8 63 416 345 76 113 219 156 157 173 182 196 202 213 240 258 263 280 311 317 331 333 374 419 496 523 666
461:0 5 25 8 63 416 91 103 115 156 168 173 182 196 213 240 241 258 250 251 263 129 279 280 313 333 371 372 374 419 421 427 490 496 514 555 206
464:0 5 25 6 7 8 9 63 416 91 156 157 168 173 182 184 196 213 201 240 241 250 263 270 280 317 341 350 371 374 419 421 422 423 424 496 523 661 664 666 784
468:0 5 25 19 63 416 345 76 86 113 115 219 156 173 182 204 211 213 240 241 263 129 270 280 286 374 409 496 514 564 573 403 661
470:0 6 63 416 345 76 630 91 156 173 182 202 204 213 240 241 263 129 270 311 313 331 496 514
471:0 6 63 416 91 156 173 182 196 204 213 240 241 258 263 129 270 311 313 333 419 423 496 514
473:0 63 416 91 113 115 156 157 173 182 184 196 213 201 240 258 263 317 328 333 341 350 419 423 496 523 666
475:0 5 25 7 8 9 63 416 345 630 86 113 115 219 156 157 168 173 182 196 204 213 240 241 261 263 129 270 279 280 286 317 374 409 427 433 472 478 490 496 514 523 564 599 206 403
477:0 5 25 7 8 9 63 416 156 157 168 173 182 196 213 240 241 261 263 270 279 280 286 317 371 374 433 472 496 506 523
478:0 8 63 416 86 113 115 219 156 173 182 196 204 213 240 258 261 263 286 311 313 333 371 374 419 423 496 506 564
479:0 86 113 115 156 168 173 182 240 241 261 263 129 270 496 506 521 527 588 587
479:1 86 113 115 156 168 173 182 240 241 261 263 129 270 496 506 521 527 588 587
479:2 86 113 115 156 168 173 182 240 241 261 263 129 270 496 506 521 527 588 587
479:3 86 113 115 156 168 173 182 240 241 261 263 129 270 496 506 521 527 588 587
479:4 86 113 115 156 168 173 182 240 241 261 263 129 270 496 506 521 527 588 587
479:5 86 113 115 156 168 173 182 240 241 261 263 129 270 496 506 521 527 588 587
509:0 6 86 103 156 168 173 182 204 213 240 241 263 129 313 369 371 372 421 496 555
510:0 6 63 416 86 103 156 168 173 182 204 213 240 241 263 129 313 369 371 372 421 427 496 555
517:0 86 113 115 219 156 157 173 182 213 240 263 129 270 286 317 384 385 433 472 496
518:0 63 416 86 113 115 219 156 157 173 182 213 240 263 129 270 286 317 384 385 433 472 496 633
519:0 19 156 173 182 211 213 240 241 263 129 369 496 403
520:0 19 156 173 182 211 213 240 241 263 129 369 496 403
521:0 19 63 416 156 173 182 211 213 240 241 263 129 369 496 403
524:0 156 157 173 182 213 201 263 317 328 350 496 523
525:0 156 157 173 182 213 201 263 317 328 350 496 523 666
526:0 63 416 76 120 156 157 173 182 213 201 263 311 317 328 350 496 523 666
527:0 19 86 113 115 219 156 168 173 182 202 204 211 213 240 263 129 270 286 313 369 372 660 427 433 496 512 403
528:0 19 63 416 86 113 115 219 156 168 173 182 202 204 211 213 240 263 129 270 286 313 369 372 660 427 433 496 512 403
529:0 91 156 157 173 182 213 201 263 280 317 328 341 374 421 496 523
530:0 63 416 91 156 157 173 182 213 201 263 280 317 328 341 350 374 421 496 523 661 664 666
532:0 5 25 7 8 9 91 156 157 173 182 184 213 240 241 263 270 279 280 317 371 374 409 490 496 514 664
533:0 5 25 7 8 9 91 156 157 173 182 184 213 240 241 263 270 279 280 317 371 374 409 490 496 514 664
534:0 5 25 7 8 9 63 416 91 156 157 173 182 184 213 240 241 263 270 279 280 317 350 371 374 409 490 496 514 523 664 666
535:0 103 156 173 182 196 213 240 258 263 311 340 341 496
536:0 103 156 173 182 196 213 240 258 263 311 340 341 496 523
537:0 5 25 8 63 416 91 103 156 157 173 182 196 213 240 258 263 280 291 311 317 340 341 371 374 409 474 496 523 666
538:0 5 25 7 8 9 416 91 156 157 173 182 184 213 240 241 263 270 279 280 317 371 374 490 496 514 523 666
539:0 5 25 7 8 9 416 91 156 157 173 182 184 213 240 241 263 270 279 280 317 371 374 490 496 514 523
546:0 76 219 156 173 182 202 204 213 241 251 263 129 270 313 496 593 599
547:0 63 416 76 113 219 156 168 173 182 202 204 213 241 251 263 129 270 313 369 374 433 496 593 599
550:0 156 173 182 184 196 213 240 258 250 263 129 279 291 340 341 362 372 423 496
550:1 156 173 182 184 196 213 240 258 250 263 129 279 291 340 341 362 372 423 496
554:0 5 25 7 76 83 91 156 157 168 173 182 213 241 261 263 280 317 369 374 424 496
554:1 5 25 7 8 76 83 91 156 157 168 173 182 213 241 261 263 280 317 369 374 419 423 424 496
555:0 5 25 7 63 416 76 83 91 156 157 168 173 182 213 241 261 263 280 317 369 371 374 384 385 424 496 523 573
555:1 5 25 7 63 416 76 83 91 156 157 168 173 182 213 241 261 263 280 317 369 371 374 384 385 424 496 523 573
555:2 5 25 7 8 63 416 76 83 91 156 157 168 173 182 213 241 261 263 280 317 369 371 374 419 423 424 496 523
555:3 5 25 7 8 63 416 76 83 91 156 157 168 173 182 213 241 261 263 280 317 369 371 374 419 423 424 496 523
556:0 42 76 103 219 156 173 182 202 213 240 241 263 270 311 331 340 372 409 496 593
557:0 76 91 156 157 173 182 213 201 263 317 328 350 421 496 523
558:0 63 416 76 630 91 156 157 173 182 213 201 263 317 328 350 421 496 523 666
559:0 5 25 7 8 9 91 156 157 168 173 182 184 213 240 241 251 263 279 280 313 317 371 372 374 409 490 496 514 555
560:0 5 25 7 8 9 63 416 91 156 157 168 173 182 184 213 240 241 251 263 279 280 313 317 371 372 374 409 490 496 514 555
561:0 19 63 416 76 86 113 115 219 156 168 173 182 196 211 213 240 263 129 286 384 660 427 433 478 496 403
562:0 219 156 168 173 182 213 240 261 263 286 313 371 433 472 496 506
562:1 219 156 157 168 173 182 213 201 240 261 263 286 313 317 371 433 472 496 506 664
563:0 63 416 219 156 168 173 182 184 213 240 261 263 279 286 313 371 384 385 421 433 472 496 506 578
568:0 120 156 168 173 182 202 213 240 241 263 350 371 409 474 496
569:0 63 416 76 103 120 156 168 173 182 202 213 240 241 263 350 371 374 409 440 474 496 666
572:0 86 91 219 156 168 173 182 204 213 240 241 263 129 270 313 369 374 496 514 541
573:0 63 416 86 91 113 219 156 168 173 182 204 213 240 241 263 129 270 313 331 350 369 374 496 514 541
574:0 86 113 115 219 156 157 168 173 182 204 213 240 263 270 313 317 371 374 385 433 478 496
575:0 86 113 115 219 156 157 168 173 182 204 213 240 263 270 313 317 371 374 385 433 478 496
576:0 63 416 86 113 115 219 156 157 168 173 182 204 213 240 263 270 280 286 313 317 371 374 385 433 478 490 496
577:0 86 113 115 219 156 157 173 182 204 213 240 263 270 286 317 384 385 433 472 496 633
578:0 86 113 115 219 156 157 173 182 204 213 240 263 270 286 317 384 385 433 472 496 633
579:0 5 7 8 9 63 416 86 113 115 219 156 157 173 182 204 213 240 263 270 286 317 374 384 385 409 433 472 496 633
582:0 113 120 156 173 182 196 213 240 258 263 286 333 419 496
583:0 113 120 156 173 182 196 213 240 258 263 286 333 419 496
584:0 63 416 113 120 156 173 182 196 213 240 258 251 263 286 311 333 419 496
588:0 103 156 173 182 184 202 213 240 263 496 206
589:0 63 416 103 156 173 182 184 202 213 240 263 279 496 534 206 661 664
592:0 219 156 173 182 196 202 213 240 258 250 261 263 286 291 362 433 496 506
593:0 63 416 219 156 173 182 196 202 213 240 258 250 261 263 286 291 362 433 496 506
595:0 42 86 103 113 156 168 173 182 202 213 240 263 129 340 660 440 496 521 527
596:0 42 63 416 86 103 113 156 168 173 182 202 213 240 263 129 340 660 440 496 521 527
597:0 42 76 86 120 156 173 182 202 213 241 263 279 331 371 372 496
598:0 42 63 416 76 86 120 156 173 182 202 213 201 241 263 279 331 371 372 421 496 523 664
599:0 63 86 103 156 173 182 201 263 372 496 521
600:0 63 86 103 156 173 182 201 263 372 496 521
601:0 63 416 86 103 156 173 182 201 263 372 433 496 521 588
605:0 86 103 113 115 219 156 157 168 173 182 211 213 240 263 286 317 384 385 433 472 496
606:0 63 416 86 103 113 115 219 156 157 168 173 182 211 213 240 263 286 317 384 385 433 472 496 633
607:0 76 83 219 156 168 173 182 213 241 261 263 286 371 433 496 506 573
608:0 76 83 219 156 168 173 182 213 241 261 263 286 371 433 496 506 573
609:0 63 416 76 83 219 156 168 173 182 213 241 261 263 286 371 433 496 506 573
610:0 416 91 156 173 182 184 213 240 241 263 129 317 371 372 374 496 206 784
611:0 416 91 156 173 182 184 213 240 241 263 129 317 371 372 374 421 496 206 666 784
612:0 63 416 91 156 157 173 182 184 213 240 241 263 129 280 317 371 372 374 421 427 496 523 555 206 664 666 784
613:0 5 25 8 91 156 173 182 196 204 213 240 258 263 317 362 372 374 419 421 423 496
614:0 5 25 8 63 416 91 156 157 173 182 184 196 204 213 240 258 263 280 291 317 333 362 372 374 419 421 423 496 523
616:0 156 173 182 202 213 240 263 341 385 474 496
617:0 63 416 156 173 182 202 213 201 240 263 129 341 369 384 385 409 474 496
618:0 86 91 156 157 173 182 213 201 240 263 279 317 340 341 371 496 523 527 588 587 666
618:1 86 91 103 156 157 173 182 213 201 240 263 279 317 340 341 371 423 496 523 666
622:0 5 25 7 8 9 91 219 120 156 157 168 173 182 196 240 263 270 280 286 317 374 409 490 496 523 578 666
623:0 5 25 7 8 9 19 63 416 76 91 219 120 156 157 168 173 182 196 240 263 270 280 286 317 374 409 490 496 523 578 666
624:0 86 91 103 156 168 173 182 184 213 201 240 251 263 279 280 317 371 372 374 421 427 490 496 514 555 206
625:0 63 416 86 91 103 156 168 173 182 184 213 201 240 251 263 279 280 317 371 372 374 421 427 490 496 514 555 206 403
627:0 19 156 157 173 182 184 211 213 240 241 263 129 317 369 372 421 496 514 403
628:0 19 63 416 156 157 173 182 184 211 213 240 241 263 129 317 369 372 421 496 514 403
629:0 19 156 168 173 182 184 211 213 240 241 263 129 313 317 369 371 372 496 514 555 403
630:0 19 63 416 156 168 173 182 184 211 213 240 241 263 129 313 317 369 371 372 496 514 555 403
631:0 7 9 416 76 83 91 156 168 173 182 202 213 240 241 261 263 317 374 409 421 496 664 666
632:0 416 86 91 103 156 157 173 182 213 201 251 263 270 317 421 422 496 514 666
633:0 86 103 156 168 173 182 184 213 240 241 263 372 422 423 424 496
634:0 86 103 156 168 173 182 184 213 240 241 251 263 270 372 422 423 424 496
635:0 19 63 416 83 86 103 115 156 157 168 173 182 184 211 213 240 241 251 263 270 317 369 371 372 422 423 424 496 512 523 555 664 784
638:0 63 416 86 115 219 156 173 182 184 201 263 129 270 279 280 340 496 514 521 206 403 661
639:0 63 416 115 219 156 157 173 182 184 201 263 129 270 279 280 317 350 496 514 523 206 403 661 666
640:0 63 416 345 76 630 113 115 219 156 173 182 202 241 263 129 270 279 280 340 496 514 206 403 661
643:0 19 63 416 76 113 115 219 156 157 173 182 211 240 241 261 263 129 270 286 311 317 371 374 421 424 496 573 664 784
644:0 9 19 63 416 86 113 115 219 156 157 173 182 211 240 263 129 270 286 311 317 371 374 421 422 496 521 664 784
646:0 19 63 416 113 115 219 156 157 173 182 184 196 211 240 241 258 263 129 270 286 311 317 333 371 374 421 496 664 784
646:1 19 63 416 113 115 219 156 157 173 182 184 196 211 240 241 258 263 129 270 286 311 317 333 371 374 421 496 664 784
646:2 19 63 416 113 115 219 156 157 173 182 184 196 211 240 241 258 263 129 270 286 311 317 333 371 374 421 496 664 784
647:0 63 416 115 219 156 173 182 196 240 241 258 263 129 270 279 280 340 496 514 206 403 661
647:1 63 416 115 219 156 173 182 196 240 241 258 263 129 270 279 280 340 496 514 206 403 661
659:0 91 156 157 168 173 182 213 201 263 280 317 340 341 369 371 374 496 523
660:0 5 25 7 8 9 63 416 91 156 157 168 173 182 213 201 263 280 317 328 340 341 369 371 374 496 523 664 666
674:0 5 25 7 8 9 91 156 157 173 182 213 240 241 263 270 280 317 371 374 409 421 490 496 514 523 206
675:0 5 25 7 8 9 63 416 91 156 157 168 173 182 184 213 240 241 251 263 270 279 280 317 371 374 409 421 490 496 514 523 555 206 666
677:0 6 86 113 115 219 156 173 182 213 240 241 263 129 270 313 371 433 472 478 496
678:0 6 63 416 86 91 113 115 219 156 173 182 204 213 240 241 263 129 270 286 313 371 433 472 478 496 541 599 633
678:1 6 63 416 345 86 91 113 115 219 156 173 182 204 213 240 241 263 129 270 313 371 433 472 478 496 541 633
679:0 630 103 115 156 157 173 182 213 240 263 280 421 427 496 514 206 664
680:0 630 103 115 156 157 173 182 213 240 263 280 421 427 496 514 206 664
681:0 63 416 630 103 115 156 157 173 182 213 240 241 263 280 421 427 496 514 206 403 664
681:1 63 416 630 103 115 156 157 173 182 213 240 241 263 280 421 427 496 514 206 403 664
682:0 113 115 156 173 182 204 213 240 241 263 270 313 433 496 564 599
683:0 63 416 113 115 156 173 182 204 213 240 241 263 270 313 409 433 496 564 599
684:0 113 219 156 168 173 182 204 213 240 241 263 270 313 496 564
685:0 63 416 113 219 156 168 173 182 204 213 240 241 263 270 313 409 496 564
686:0 113 115 156 157 168 173 182 213 240 241 263 313 371 374 385 427 433 496 514
687:0 63 416 113 115 156 157 168 173 182 184 213 240 241 263 313 371 374 385 427 433 496 514 664
688:0 91 103 219 156 157 168 173 182 196 213 201 240 251 263 270 280 317 341 350 371 372 374 421 496 523 534 206
689:0 63 416 91 103 219 156 157 168 173 182 196 213 201 240 250 251 263 270 280 291 317 341 350 371 372 374 421 496 523 534 206 664
694:0 86 91 113 156 157 173 182 213 201 240 263 129 317 369 490 496 521 523 527 588
695:0 5 25 7 9 63 416 76 86 91 113 156 157 173 182 213 201 240 241 263 129 311 317 369 490 496 521 523 527 588 587 664 784
700:0 6 63 416 345 91 113 115 219 156 173 182 204 213 240 241 263 129 270 311 313 496 514 564 599 573
701:0 5 25 7 9 19 416 91 156 157 173 182 211 213 240 241 263 129 270 279 280 317 340 369 371 372 374 409 490 496 512 514 206
704:0 156 157 173 182 213 240 241 263 341 496
705:0 156 157 173 182 213 240 241 263 341 496
706:0 5 25 7 9 63 416 156 157 173 182 213 240 241 258 263 311 341 372 496 523 664 666 784
708:0 345 76 91 115 219 156 157 168 173 182 202 213 241 261 263 286 421 433 496 506 523 578
709:0 63 416 345 76 91 115 219 156 157 168 173 182 202 213 241 261 263 286 409 421 433 496 506 523 578 664
710:0 76 113 219 156 157 168 173 182 184 202 213 241 261 263 286 331 433 496 506 573
710:1 76 113 219 156 157 168 173 182 184 202 213 241 261 263 286 331 433 496 506 573
710:2 76 113 219 156 157 168 173 182 184 202 213 241 261 263 286 331 433 496 506 573
710:3 76 113 219 156 157 168 173 182 184 202 213 241 261 263 286 331 433 496 506 573
711:0 63 416 76 113 219 156 157 168 173 182 184 202 213 241 261 263 286 331 433 496 506 578 573 664
711:1 63 416 76 113 219 156 157 168 173 182 184 202 213 241 261 263 286 331 433 496 506 578 573 664
711:2 63 416 76 113 219 156 157 168 173 182 184 202 213 241 261 263 286 331 433 496 506 578 573 664
711:3 63 416 76 113 219 156 157 168 173 182 184 202 213 241 261 263 286 331 433 496 506 578 573 664
712:0 219 156 157 173 182 196 213 240 258 263 317 333 419 423 496
713:0 63 416 219 156 157 173 182 196 213 240 258 263 317 333 419 423 496 523 666
714:0 19 76 103 156 168 173 182 211 213 241 263 129 280 369 421 496 512 403
715:0 19 63 416 76 103 156 168 173 182 211 213 241 263 129 280 369 421 496 512 403
722:0 76 113 219 156 173 182 202 211 213 241 263 129 421 496 206
723:0 76 113 219 156 173 182 202 211 213 241 263 129 421 496 206
724:0 63 416 76 630 113 219 156 173 182 202 211 213 241 263 129 286 369 421 427 490 496 506 512 578 206 403
725:0 6 83 156 173 182 184 213 241 261 263 279 369 421 424 496 512
726:0 6 83 156 173 182 184 213 241 261 263 279 369 421 424 496 512
727:0 5 25 6 7 9 63 416 83 156 173 182 184 213 241 261 263 279 280 369 372 374 409 421 424 490 496 512 523 555 664 666
728:0 156 173 182 196 204 213 240 258 250 263 270 291 362 472 496 512 564 599
729:0 156 173 182 196 204 213 240 258 250 263 270 291 362 472 496 512 564 599
730:0 63 416 113 115 156 173 182 196 204 213 240 258 250 263 270 291 311 362 472 496 512 564 599
736:0 86 91 103 113 156 173 182 213 240 263 341 496 512 521 527
737:0 86 91 103 113 156 173 182 213 240 263 341 496 512 521 527 587
738:0 19 63 416 76 86 91 103 113 156 173 182 213 240 263 341 496 512 521 527 587 403
742:0 113 115 219 156 168 173 182 204 213 241 263 129 270 286 313 369 660 472 478 496 512 564
743:0 63 416 345 76 113 115 219 156 168 173 182 204 213 241 263 129 270 286 313 369 660 472 478 496 512 564
746:0 156 173 182 213 240 258 250 251 263 270 291 341 362 369 496 523
746:1 156 173 182 213 240 258 250 251 263 270 291 341 362 369 496 523
747:0 42 219 156 173 182 196 213 240 258 263 341 362 371 474 496
748:0 42 113 219 156 173 182 196 213 240 258 263 341 362 371 440 474 496 506
749:0 25 156 157 173 182 213 201 263 317 328 371 490 496 523 666
750:0 25 63 416 156 157 173 182 184 213 201 263 279 317 328 341 371 490 496 523 666
751:0 156 173 182 196 202 213 240 263 472 478 496
752:0 115 219 156 173 182 196 202 213 240 263 291 472 478 496
755:0 76 86 113 219 156 173 182 202 213 241 263 472 478 496 564
756:0 63 416 76 86 113 219 156 173 182 202 213 240 241 263 311 409 472 478 496 564
757:0 86 156 168 173 182 213 251 261 263 129 270 371 374 421 474 496
758:0 86 156 168 173 182 213 251 261 263 129 270 313 371 374 421 440 474 496 512 784
759:0 5 25 8 9 156 157 173 182 204 213 263 280 317 371 374 490 496 523 664 666
760:0 5 25 8 9 63 416 156 157 173 182 204 213 263 279 280 317 371 374 409 421 490 496 523 664 666
761:0 345 76 113 115 219 156 173 182 202 204 213 241 263 270 340 496 564
762:0 345 76 113 115 219 156 173 182 202 204 213 241 263 270 340 371 374 490 496 564
763:0 25 63 416 345 76 630 113 115 219 156 173 182 202 204 213 241 263 270 340 369 371 374 490 496 512 564
765:0 5 25 63 416 113 115 219 156 157 173 182 213 240 241 263 280 286 371 374 433 472 478 496 523 633 664
766:0 5 25 63 416 156 157 168 173 182 184 213 240 241 251 263 279 280 317 369 371 372 374 409 490 496 512 514 523 527 664
767:0 103 156 173 182 213 240 258 263 129 341 372 496
768:0 42 63 416 103 156 157 173 182 196 213 240 258 263 129 280 291 317 341 371 372 374 421 474 496 534 555 206
771:0 103 113 115 219 156 182 213 240 258 270
772:0 63 416 86 156 157 173 182 184 196 201 240 241 258 263 129 286 369 371 421 496 403
773:0 63 416 86 120 156 157 173 182 184 196 211 201 240 241 258 263 129 286 369 371 421 422 423 424 496 555 403
773:1 63 416 86 120 156 157 173 182 184 196 211 201 240 241 258 263 129 286 369 371 421 422 423 424 496 555 403
773:2 63 416 86 120 156 157 173 182 184 196 211 201 240 241 258 263 129 286 369 371 421 422 423 424 496 555 403
773:3 63 416 86 120 156 157 173 182 184 196 211 201 240 241 258 263 129 286 369 371 421 422 423 424 496 555 403
773:4 63 416 86 120 156 157 173 182 184 196 211 201 240 241 258 263 129 286 369 371 421 422 423 424 496 555 403
773:5 63 416 86 120 156 157 173 182 184 196 211 201 240 241 258 263 129 286 369 371 421 422 423 424 496 555 403
773:6 63 416 86 120 156 157 173 182 184 196 211 201 240 241 258 263 129 286 369 371 421 422 423 424 496 555 403
773:7 63 416 86 120 156 157 173 182 184 196 211 201 240 241 258 263 129 286 369 371 421 422 423 424 496 555 403
773:8 63 416 86 120 156 157 173 182 184 196 211 201 240 241 258 263 129 286 369 371 421 422 423 424 496 555 403
773:9 63 416 86 120 156 157 173 182 184 196 211 201 240 241 258 263 129 286 369 371 421 422 423 424 496 555 403
773:10 63 416 86 120 156 157 173 182 184 196 211 201 240 241 258 263 129 286 369 371 421 422 423 424 496 555 403
773:11 63 416 86 120 156 157 173 182 184 196 211 201 240 241 258 263 129 286 369 371 421 422 423 424 496 555 403
773:12 63 416 86 120 156 157 173 182 184 196 211 201 240 241 258 263 129 286 369 371 421 422 423 424 496 555 403
773:13 63 416 86 120 156 157 173 182 184 196 211 201 240 241 258 263 129 286 369 371 421 422 423 424 496 555 403
773:14 63 416 86 120 156 157 173 182 184 196 211 201 240 241 258 263 129 286 369 371 421 422 423 424 496 555 403
773:15 63 416 86 120 156 157 173 182 184 196 211 201 240 241 258 263 129 286 369 371 421 422 423 424 496 555 403
773:16 63 416 86 120 156 157 173 182 184 196 211 201 240 241 258 263 129 286 369 371 421 422 423 424 496 555 403
773:17 63 416 86 120 156 157 173 182 184 196 211 201 240 241 258 263 129 286 369 371 421 422 423 424 496 555 403
776:0 5 25 63 416 76 83 156 173 182 213 241 261 263 279 317 371 374 474 496 523 664 666
777:0 42 63 416 86 115 156 168 173 182 213 263 129 270 340 369 371 372 374 496 521 527 588 587
778:0 63 416 86 103 113 219 156 168 173 182 202 204 213 251 261 263 371 374 409 421 433 478 496 506 578 564
778:1 63 416 86 103 113 219 156 168 173 182 202 204 213 251 261 263 371 374 409 421 433 478 496 506 578 564
780:0 19 63 416 76 86 113 219 156 157 173 182 196 211 213 240 241 263 129 270 374 421 496 523 555 666 784
781:0 63 416 76 630 156 157 168 173 182 202 240 241 250 263 270 280 362 371 372 421 496 506 523 578 664
782:0 103 219 156 157 173 182 184 213 201 263 280 317 371 374 421 496 523 206
783:0 5 25 103 219 156 157 173 182 184 213 201 263 280 317 371 374 409 421 496 523 206 664
784:0 5 25 7 8 9 63 416 103 219 156 157 173 182 184 213 201 263 279 280 317 371 374 409 421 496 523 206 664 666 784
789:0 
790:0 
791:0 63 416 76 83 86 113 115 219 156 157 173 182 184 241 263 129 270 317 433 496 523 555 573
792:0 19 63 416 76 86 113 115 219 156 173 182 184 196 241 261 263 129 270 421 427 433 472 478 496 506 512 578 403
800:0 63 416 76 86 113 115 156 157 168 173 182 184 263 280 286 317 350 374 421 427 433 496 523 661 664 784
800:1 63 416 76 86 113 115 156 157 168 173 182 184 263 280 286 317 350 374 421 427 433 496 523 661 664 784
800:2 63 416 76 86 113 115 156 157 168 173 182 184 263 280 286 317 350 374 421 427 433 496 523 661 664 784
802:0 5 25 7 8 9 63 416 156 157 168 173 182 261 263 129 279 280 317 340 371 372 374 409 421 490 496 506 512 578 206
807:0 5 25 6 7 9 63 416 86 156 173 182 184 263 129 270 279 280 340 372 374 409 490 496 512 521 527 555 588 206 664
808:0 86 156 173 182 263 496
809:0 5 25 8 9 63 416 76 86 120 156 157 173 182 263 280 317 496 588 664
810:0 5 25 345 76 630 103 156 173 182 202 213 241 263 129 369 372 374 409 496 512 206
811:0 5 25 345 76 630 103 156 173 182 202 213 241 263 129 369 372 374 409 496 512 206
812:0 5 25 63 416 345 76 630 103 156 173 182 184 202 213 241 263 129 280 331 341 369 372 374 409 496 512 523 555 593 206 664 666
813:0 25 156 173 182 213 241 263 129 340 341 369 372 424 490 496 512
814:0 25 156 173 182 213 241 263 129 340 341 369 372 424 490 496 512
815:0 25 7 63 416 83 156 173 182 213 241 263 129 270 279 340 341 369 372 424 490 496 512 555
816:0 113 115 219 156 173 182 213 240 250 263 129 291 311 340 341 369 496
817:0 113 115 219 156 173 182 213 240 250 263 129 291 311 340 341 369 374 496
818:0 63 416 113 115 219 156 173 182 196 213 240 250 263 129 291 311 333 340 341 369 374 496 512 403 784
819:0 91 156 168 173 182 213 263 331 341 371 372 374 496 541 664
820:0 63 416 91 156 168 173 182 213 263 331 341 371 372 374 422 423 424 496 541 664 666
821:0 19 156 168 173 182 184 213 263 129 279 313 369 371 372 496 514 403
822:0 19 156 168 173 182 184 213 263 129 279 313 369 371 372 496 514 403
823:0 19 63 416 103 113 115 156 168 173 182 184 211 213 263 129 279 313 369 371 372 496 514 403
824:0 
825:0 76 113 115 219 156 173 182 213 263 270 286 371 384 385 433 472 478 496 633
826:0 63 416 76 113 115 219 156 173 182 202 213 263 270 286 369 371 384 385 427 433 472 478 496 633
827:0 91 103 156 168 173 182 213 251 263 129 313 341 372 496 541 555
828:0 63 416 91 103 156 168 173 182 213 251 263 129 313 341 369 372 421 422 423 424 496 512 541 555
829:0 345 76 113 156 173 182 202 204 213 241 263 270 331 496 593
830:0 63 416 345 76 113 156 173 182 202 204 213 241 263 270 311 331 496 593
831:0 86 156 173 182 213 263 371 385 496
832:0 25 63 416 86 156 173 182 213 263 340 371 385 496 514
833:0 156 173 182 213 240 250 263 279 291 341 371 372 423 496
834:0 63 416 91 156 157 173 182 184 213 201 240 250 263 279 291 317 328 341 350 371 372 423 496 523 534 206 661 666
835:0 86 91 156 173 182 204 213 263 129 270 422 424 496 521 555
836:0 63 416 86 91 156 173 182 204 213 263 129 270 422 424 496 521 555 588 587
837:0 91 115 120 156 157 173 182 213 201 261 263 317 328 350 496
838:0 83 91 115 120 156 157 173 182 213 201 261 263 317 328 350 496
839:0 5 25 7 63 416 76 83 91 115 120 156 157 173 182 213 201 261 263 317 328 350 496 523
840:0 213
841:0 19 63 416 76 156 173 182 184 202 213 241 263 331 369 496 512 403
842:0 63 416 76 113 115 219 156 173 182 202 213 241 263 331 371 496 523
843:0 91 103 156 173 182 213 201 263 328 341 496 523 664
844:0 63 416 91 103 156 157 173 182 213 201 263 317 328 341 350 424 496 523 664
845:0 19 63 416 156 168 173 182 196 211 213 240 250 263 291 311 372 496 403
845:1 19 63 416 156 168 173 182 196 211 213 240 250 263 291 311 372 496 403
845:2 19 63 416 156 168 173 182 196 211 213 240 250 263 291 311 372 496 403
846:0 156 173 182 213 240 250 263 129 280 291 340 372 423 496
847:0 63 416 156 173 182 184 213 240 250 263 129 280 291 340 372 423 496
848:0 156 173 182 213 263 496
849:0 5 25 7 9 63 416 86 103 156 173 182 184 213 263 129 371 374 409 474 496 506 521 555 587
849:1 5 25 7 9 63 416 86 103 156 173 182 184 213 263 129 371 374 409 496 506 521 555 587
850:0 83 156 173 182 213 241 263 474 496 664
851:0 63 416 76 83 156 173 182 213 241 261 263 422 424 474 496 573 664
852:0 5 8 156 173 182 213 263 279 280 291 341 362 371 496 514
853:0 5 8 63 416 91 156 173 182 184 213 250 263 279 280 291 341 362 371 409 496 514 664 666
854:0 156 173 182 202 261 263 286 371 472 496 506 578
854:1 156 173 182 202 261 263 286 371 472 496 506 578
855:0 63 416 113 115 120 156 173 182 202 261 263 286 371 472 496 506 578
855:1 63 416 113 115 120 156 173 182 202 261 263 286 371 472 496 506 578
856:0 345 86 113 219 156 173 182 202 204 213 263 270 286 496 564 573
857:0 345 86 113 219 156 173 182 202 204 213 263 270 286 496 564 573 664
858:0 63 416 345 86 113 219 156 173 182 202 204 213 263 270 286 384 385 421 427 433 472 478 496 564 573 664
859:0 5 25 86 156 168 173 182 213 263 279 313 372 409 496 514 564
860:0 5 25 86 113 115 156 168 173 182 213 263 279 313 372 409 421 496 514 564
861:0 5 25 7 8 9 63 416 86 113 115 156 168 173 182 184 213 263 279 280 313 372 384 409 421 472 490 496 514 564 666
862:0 5 25 7 8 9 42 63 416 86 91 103 156 168 173 182 184 196 213 240 241 250 263 129 270 279 280 313 341 371 372 374 421 440 496 514 555 666
863:0 6 63 416 91 103 156 168 173 182 213 240 241 263 369 371 372 374 421 496 514
864:0 42 63 416 91 103 113 115 219 120 156 157 173 182 196 202 213 201 240 241 258 250 261 263 279 317 333 350 362 496 506 523 666
865:0 630 156 173 182 211 213 241 263 270 279 280 372 496 514 664
866:0 5 25 8 63 416 76 86 103 113 115 219 156 168 173 182 196 204 213 240 241 258 263 270 280 313 333 371 374 384 385 409 419 433 472 478 496 599 633 666
867:0 63 416 219 156 157 168 173 182 184 213 201 240 261 263 279 286 313 317 328 350 371 384 385 421 433 472 496 506 523 578 664
868:0 156 173 182 204 213 263 270 374 496 564 599
869:0 63 416 345 76 113 219 156 173 182 202 204 213 263 270 286 313 374 409 472 478 496 564 599 573
869:1 63 416 345 76 113 219 156 173 182 202 204 213 263 270 286 313 374 409 472 478 496 564 599 573
869:2 63 416 345 76 113 219 156 173 182 202 204 213 263 270 286 313 374 409 472 478 496 564 599 573
869:3 63 416 345 76 113 219 156 173 182 202 204 213 263 270 286 313 374 409 472 478 496 564 599 573
869:4 63 416 345 76 113 219 156 173 182 202 204 213 263 270 286 313 374 409 472 478 496 564 599 573
869:5 63 416 345 76 113 219 156 173 182 202 204 213 263 270 286 313 374 409 472 478 496 564 599 573
869:6 63 416 345 76 113 219 156 173 182 202 204 213 263 270 286 313 374 409 472 478 496 564 599 573
869:7 63 416 345 76 113 219 156 173 182 202 204 213 263 270 286 313 374 409 472 478 496 564 599 573
869:8 63 416 345 76 113 219 156 173 182 202 204 213 263 270 286 313 374 409 472 478 496 564 599 573
870:0 63 416 103 156 157 173 182 251 263 270 279 280 317 371 372 496 514 206 661
871:0 42 86 120 156 173 182 213 240 263 362 371 372 474 496 506 588
872:0 156 173 182 196 213 263 333 496
873:0 63 416 113 115 219 156 173 182 196 202 213 258 263 270 286 311 333 369 419 496 512 403
874:0 25 63 416 219 120 156 157 173 182 213 201 263 286 317 328 350 372 472 496 523 664 666
875:0 8 115 156 173 182 196 213 258 250 263 291 311 333 362 419 496
875:1 8 115 156 173 182 196 213 258 250 263 291 311 333 362 419 496
876:0 6 345 156 173 182 213 263 129 270 286 384 409 433 472 478 496 564 633 573
876:1 6 345 113 115 219 156 173 182 213 263 129 270 286 385 409 496 564 633 573
877:0 9 86 156 168 173 182 184 213 263 129 279 280 313 331 371 372 374 422 423 424 496 521 527 555 588 666
877:1 9 86 156 168 173 182 184 213 263 129 279 280 313 331 371 372 374 422 423 424 496 521 527 555 588 666
878:0 25 91 103 156 157 173 182 213 263 280 317 341 350 374 496 523 664 666
879:0 25 63 416 91 103 156 157 173 182 184 213 263 279 280 317 341 350 371 374 496 523 555 664 666
880:0 5 25 9 63 416 83 86 156 157 173 182 240 241 263 317 350 422 424 496 523 664 666 784
881:0 5 25 9 63 416 86 156 157 173 182 196 240 258 263 317 333 350 371 419 422 423 496 523 666
882:0 25 63 416 156 157 173 182 240 250 263 291 317 350 362 423 496 523 664 666
883:0 63 416 156 157 173 182 196 240 258 250 263 291 317 333 350 362 419 423 496
884:0 63 416 76 86 103 113 115 156 157 173 182 184 213 263 280 317 496 555 666 784
885:0 86 156 173 182 213 263 129 270 496
886:0 86 156 168 173 182 211 213 251 261 263 129 270 291 362 369 372 496 506 512 578 784
887:0 19 63 416 76 86 113 115 156 168 173 182 211 213 251 261 263 129 270 291 362 369 372 496 506 512 578 784
888:0 63 416 630 91 156 173 182 184 263 129 270 279 280 286 372 422 423 424 427 496 514 541 555 206 403 664
888:1 63 416 630 91 156 173 182 184 263 129 270 279 280 286 372 422 423 424 427 496 514 541 555 206 403 664
889:0 63 416 76 91 113 115 219 156 173 182 184 263 129 270 279 286 371 384 385 422 423 424 496 514 541 555
889:1 63 416 76 91 113 115 219 156 173 182 184 263 129 270 279 286 371 384 385 422 423 424 496 514 541 555
890:0 19 63 416 76 103 113 115 156 173 182 184 263 371 372 440 474 496 573 664
890:1 19 63 416 76 103 113 115 156 173 182 184 263 371 372 440 474 496 573 664
