1:0 14 34 133 164 188 203 214 402 412 437 438 447 526
2:0 14 34 133 164 188 203 214 402 412 437 438 447 526
3:0 14 34 89 133 164 188 200 203 214 402 412 414 437 438 447 526
4:0 14 34 53 126 164 200 203 214 231 242 257 315 337 349 394 406 526
5:0 14 34 53 126 164 200 203 214 231 242 257 315 337 349 394 406 526
6:0 14 34 53 89 126 164 200 203 214 231 242 257 299 315 337 349 394 406 411 526 535 542
7:0 34 56 57 58 59 127 164 203 214 231 330 334 360 396 406 428 503 526
8:0 34 56 57 58 59 127 164 203 214 231 330 334 360 396 406 428 503 526
9:0 34 56 57 58 59 89 127 164 200 203 214 231 242 330 334 360 396 399 406 411 428 430 503 526 668 776
10:0 
11:0 334
12:0 94 164 203 214 226 247 285 334 405 412 542 654
25:0 34 57 85 87 97 164 179 203 214 227 231 253 417 447 486 528 579
25:1 34 57 85 87 97 164 179 203 214 227 231 253 417 447 486 528 579
25:2 34 57 85 87 97 164 179 203 214 227 231 253 417 447 486 528 579
25:3 34 57 85 87 97 164 179 203 214 227 231 253 417 447 486 528 579
25:4 34 57 85 87 97 164 179 203 214 227 231 253 417 447 486 528 579
25:5 34 57 85 87 97 164 179 203 214 227 231 253 417 447 486 528 579
25:6 34 57 85 87 97 164 179 203 214 227 231 253 417 447 486 528 579
25:7 34 57 85 87 97 164 179 203 214 227 231 253 417 447 486 528 579
26:0 34 57 85 87 97 164 179 203 214 227 231 253 411 417 447 486 528 579
26:1 34 57 85 87 94 97 164 179 473 203 214 227 231 248 253 347 411 417 447 486 500 502 528 579
35:0 34 53 58 59 85 87 94 118 126 133 161 164 473 203 214 226 227 231 247 253 271 304 322 347 428 446 447 500 502 526 579 563
36:0 34 53 58 59 85 87 94 118 126 133 161 164 473 203 214 226 227 231 247 253 271 304 322 347 411 428 446 447 500 502 526 579 563
37:0 34 53 97 126 164 203 214 227 231 257 315 394 399 412 428 492
37:1 34 58 59 97 164 203 214 227 231 399 428 492
38:0 34 53 97 126 164 473 203 214 227 231 247 257 315 347 394 399 412 417 428 492 500
38:1 34 58 59 97 164 473 203 214 227 231 347 399 417 428 492 500 563
43:0 14 164 188 203 214 402 412 447 563
44:0 14 164 188 203 214 402 412 447 563
45:0 14 34 164 188 203 214 402 412 447 482 563 654
50:0 34 89 97 164 179 188 203 214 253 414 446 502 526
50:1 34 89 97 164 179 188 203 214 253 334 414 430 442 502 526
51:0 34 89 97 161 164 179 188 203 214 253 414 444 446 482 502 526 624
51:1 34 89 97 161 164 179 188 203 214 253 334 414 430 442 444 482 502 526 624
52:0 34 85 87 133 164 203 214 231 247 253 269 304 399 402 417 441 492 526 579 634
52:1 34 85 87 133 164 203 214 231 247 253 269 304 399 402 417 441 492 526 579 634
52:2 14 34 85 87 133 164 203 214 231 242 247 253 269 304 334 360 399 402 417 441 442 492 526 579 634 796
53:0 34 85 87 133 164 203 214 231 247 253 269 304 399 402 408 417 441 492 526 579 634
53:1 34 85 87 133 164 203 214 231 247 253 269 304 399 402 408 417 441 492 526 579 634
58:0 34 53 97 126 164 179 200 203 214 231 242 257 315 370 394 528 579 665
59:0 34 53 97 126 164 179 200 203 214 231 242 257 304 315 370 394 406 442 528 579 665
66:0 34 53 67 89 116 118 126 164 179 203 214 227 276 339 370 398 411 484 526
67:0 34 53 67 89 116 118 126 164 179 203 214 227 276 339 370 398 411 484 526
68:0 34 53 67 89 116 118 126 164 179 203 214 227 276 339 370 398 411 444 484 526 643 624 634
77:0 34 53 67 97 126 164 203 214 231 257 315 394 502 528 579 624
77:1 34 67 94 97 164 203 214 231 248 347 428 500 502 528 579 563 624
78:0 14 34 53 67 97 126 164 203 214 224 226 231 257 315 394 398 502 528 529 579 624 634
78:1 14 34 67 94 97 164 203 214 224 226 231 248 347 428 500 502 528 529 579 563 624 634
83:0 14 34 97 116 164 203 214 226 231 253 257 348 370 398 413 526 634
83:1 14 34 116 164 203 214 276 348 370 398 413 526 634
90:0 56 57 58 59 161 164 203 214 334 668
91:0 56 57 58 59 161 164 191 203 214 334 390 398 668
92:0 85 94 164 188 203 214 247 253 269 271 285 398 399 412 482 492 502 563
93:0 85 94 164 188 203 214 227 247 253 269 271 285 398 399 412 482 492 502 563
94:0 34 85 87 94 118 164 188 203 214 227 247 253 269 271 285 398 399 411 412 417 482 492 502 563
95:0 34 89 164 203 214 231 269 349 360 406 414 430 442 444 446 484 529 624 776
98:0 14 34 57 58 59 97 133 164 203 214 276 334 404 502 503 668
99:0 14 34 56 57 58 59 97 133 164 203 214 276 334 404 502 503 624 668
106:0 34 67 89 116 118 164 179 203 214 253 276 299 339 370 396 398 411 444 526 634
107:0 34 67 89 97 116 118 164 203 214 253 339 370 396 411 444 526 634
109:0 53 85 87 126 164 188 203 214 247 253 269 360 390 399 482 607
110:0 53 85 87 126 164 188 203 214 247 253 257 269 360 390 399 482 607
110:1 53 85 87 126 164 188 203 214 247 253 257 269 315 360 390 399 482 579 607 563
111:0 14 34 53 58 59 85 87 89 126 164 179 203 214 224 231 242 253 276 398 406 414 444 446 529 624
112:0 14 34 53 56 57 58 59 85 87 89 126 164 179 200 203 214 224 231 242 253 276 334 398 406 411 414 444 446 484 529 535 624 776
118:0 14 34 56 57 58 59 97 127 164 203 214 224 330 398 503 529 634
119:0 14 34 56 57 58 59 97 127 164 203 214 224 330 398 503 529 634
122:0 34 85 87 94 118 164 473 203 214 226 227 247 248 253 269 271 285 334 347 411 412 417 428 447 492 500 502 563
122:1 34 58 59 85 87 94 118 164 473 203 214 226 227 247 248 253 269 271 285 334 347 411 412 417 428 447 492 500 502 563
129:0 56
130:0 34 53 56 57 58 59 85 87 89 126 127 164 200 203 214 231 242 253 269 330 349 399 406 438 442 444 503 542
131:0 34 56 57 58 59 85 87 94 127 164 200 203 214 224 231 248 304 349 406 428 442 529 668 776
132:0 
133:0 34 116 164 203 214 226 231 247 304 500 526
134:0 34 56 57 58 59 116 127 164 203 214 226 231 247 304 330 500 503 526 668
135:0 34 85 87 97 116 164 203 214 226 231 247 304 486 500 526 528
136:0 34 53 116 126 164 203 214 226 231 247 257 276 304 315 394 500 526
143:0 34 53 56 57 58 59 85 87 89 94 118 126 133 164 200 203 214 227 242 247 253 276 304 402 411 428 441 442 484 526 528 535 643 624 776
150:0 34 53 58 59 67 85 87 89 94 97 118 126 133 161 164 473 203 214 231 247 248 269 271 285 339 347 396 398 411 412 417 428 444 447 486 492 500 502 542
151:0 14 34 53 56 57 58 59 67 85 87 89 94 97 116 118 126 127 133 141 161 164 179 188 191 200 473 203 214 224 226 227 231 242 247 248 253 257 269 271 276 285 299 304 315 322 330 334 337 339 347 348 349 360 370 390 394 396 398 399 402 404 405 406 408 411 412 413 414 417 428 430 437 438 441 442 444 446 447 482 484 486 492 500 502 503 526 528 529 535 542 579 607 563 643 624 634 654 665 668 776
163:0 94 97 133 164 203 214 247 253 257 304 347 417 428 500 526 542
164:0 94 97 133 164 203 214 247 248 253 257 304 347 417 428 500 526 542
170:0 56 57 58 59 85 87 97 127 133 164 203 214 486 503 528 563
171:0 56 57 58 59 85 87 97 127 133 164 203 214 486 503 528 563
172:0 34 57 85 87 164 179 203 214 227 231 253 417 447 528 579
173:0 34 53 94 118 126 133 164 473 203 214 227 231 247 253 271 304 428 447 500 526 579
175:0 34 53 94 118 126 161 164 473 203 214 226 227 247 248 253 271 304 417 428 447 500 526 579 563
176:0 34 53 94 118 126 161 164 473 203 214 226 227 247 248 253 257 271 304 417 428 447 500 526 579 563
177:0 94 164 473 203 214 226 247 248 257 271 285 322 347 428 447 500 502 563
178:0 94 164 473 203 214 226 247 248 257 271 285 322 347 428 447 492 500 502 563
182:0 14 164 188 203 214 226 253 348 402 412 437 447 579 563
185:0 34 67 89 164 203 214 253 269 334 347 414 444 446 492 776
194:0 34 56 57 58 59 89 127 133 164 188 203 214 227 231 330 414 482 503
195:0 34 56 57 58 59 89 127 133 164 188 203 214 227 231 330 411 414 444 482 503 624 668
196:0 34 94 116 164 473 203 214 226 231 247 248 271 285 304 347 428 447 500 502 526 563 665
197:0 34 94 116 164 203 214 226 231 242 247 269 304 399 492 500 526 634
202:0 133 227
208:0 34 89 164 203 214 231 242 269 334 349 360 399 406 414 430 442 444 446 484 529 624 665 776 796
211:0 14 56 57 58 59 127 164 179 188 191 203 214 247 269 360 390 398 482 503 607 634 668
213:0 34 89 164 179 188 203 214 227 334 360 414 444 446 482
215:0 14 57 58 59 67 97 164 203 214 231 247 269 347 398 399 404 492 634
220:0 34 58 59 89 133 164 203 214 276 414 446
221:0 34 58 59 89 133 164 203 214 276 414 444 446 624
222:0 34 56 57 58 59 89 94 133 164 203 214 247 334 347 408 414 444 446 503 634 668
222:1 34 56 57 58 59 89 94 133 164 203 214 247 334 347 408 414 444 446 503 634 668
223:0 53 56 57 58 59 94 116 126 127 164 203 214 402 441 503
224:0 53 56 57 58 59 94 116 126 127 164 188 203 214 402 412 430 441 482 503 668
225:0 34 58 59 97 164 191 203 214 226 248 402 413 441 529
226:0 34 56 57 58 59 89 97 127 133 164 203 214 402 441 442 503 542 668 776
236:0 34 67 89 116 164 203 214 253 339 526
237:0 34 67 89 97 116 164 203 214 253 339 360 370 411 444 526 529
246:0 34 89 116 164 200 203 214 231 242 253 269 276 330 334 349 399 414 442 444 446
247:0 34 89 116 164 200 203 214 231 242 253 269 276 330 334 349 399 414 442 444 446
248:0 34 53 56 57 58 59 67 85 87 89 116 126 164 200 203 214 231 242 253 269 276 330 334 337 349 399 406 411 414 442 444 446 484 492 624 776
251:0 14 94 118 164 203 214 226 247 248 253 271 285 347 348 396 402 412 414 417 428 437 446 447 502 563 654
263:0 34 57 58 59 85 87 164 203 214 231 247 271 304 402 441 447 526
263:1 34 57 58 59 85 87 164 203 214 231 247 269 271 304 402 441 447 526
264:0 34 57 58 59 85 87 164 203 214 231 247 271 304 402 441 447 526 579 634
264:1 34 57 58 59 85 87 164 203 214 231 247 269 271 304 402 441 447 526 634 776
270:0 14 34 57 58 59 164 203 214 253 402 412 428 447 503
271:0 14 34 56 57 58 59 127 164 203 214 227 253 304 330 402 412 428 447 503
272:0 14 34 56 57 58 59 118 127 133 164 203 214 227 253 304 330 402 411 412 428 437 447 503
273:0 14 34 133 164 203 214 247 402 412 417 447 492
274:0 14 34 67 133 164 203 214 247 348 399 402 412 417 447 492
275:0 14 34 67 133 164 203 214 247 257 348 399 402 404 411 412 417 437 447 492 542 634
278:0 58 59 97 164 203 214 253 503 542 668
279:0 56 57 58 59 97 164 203 214 253 402 413 441 503 542 668
280:0 34 85 94 164 473 203 214 227 247 248 269 271 285 304 347 428 447 500 502 563
281:0 34 85 94 164 473 203 214 227 247 248 269 271 285 304 347 428 447 500 502 563
282:0 34 85 94 164 473 203 214 227 247 248 269 271 285 304 347 411 412 428 447 500 502 563
290:0 141 164 203 214 247 404 405
291:0 14 97 141 164 203 214 226 247 253 404 405
292:0 97 141 164 203 214 247 271 404 405 502
302:0 34 67 94 118 164 203 214 227 247 269 271 347 360 398 399 408 417 428 492 502 563
303:0 14 34 53 58 126 164 188 203 214 226 242 247 269 334 399 411 430 442 444 446 447 492 579 665 796
309:0 34 53 85 87 97 164 203 214 231 242 253 486 528 665
310:0 34 53 85 87 97 164 203 214 231 242 253 304 315 486 528 665
315:0 14 34 164 188 191 203 214 247 253 390 398 402 412 437 438 447 563
320:0 34 56 57 58 59 89 127 133 164 203 214 304 428 484 503 776
321:0 34 56 57 58 59 89 127 133 164 203 214 304 428 442 484 503 668 776
324:0 34 53 89 126 133 164 188 203 214 231 257 276 315 334 360 414 444 446 535 776
328:0 34 89 116 164 203 214 242 276 414
329:0 34 89 116 164 200 203 214 242 253 257 276 405 406 414 634
330:0 34 53 89 116 126 164 200 203 214 231 242 253 257 276 337 349 405 406 414 444 634
337:0 34 58 59 89 94 164 473 203 214 226 247 248 285 322 347 360 408 414 417 428 442 444 446 447 500 502
338:0 14 34 53 89 94 126 164 473 203 214 226 247 257 285 315 322 334 347 360 394 414 428 442 444 446 447 500 502
339:0 56 57 58 59 89 127 133 164 203 214 248 330 349 414 503
340:0 56 57 58 59 89 127 133 164 203 214 248 253 330 349 414 428 444 503 668
341:0 14 34 56 57 58 59 127 164 188 203 214 242 269 276 330 334 349 404 503
342:0 14 34 56 57 58 59 127 164 188 203 214 242 269 276 330 334 349 370 399 404 417 482 503 668
343:0 58 89 94 164 473 203 214 247 271 285 322 347 360 414 428 446 447 502 529 563
344:0 58 89 94 164 473 203 214 247 248 271 285 322 334 347 360 414 417 428 444 446 447 500 502 529 563 776
349:0 57 58 59 127 164 203 214 231 330 406 503
350:0 34 56 57 58 59 127 164 203 214 231 330 349 406 442 503
355:0 34 58 59 94 164 203 214 247 248 269 271 285 347 399 502
356:0 34 58 59 89 94 118 164 203 214 247 248 269 271 285 347 399 502
360:0 133 227
361:0 34 58 59 164 191 203 214 242 247
362:0 34 58 59 89 164 191 203 214 242 247 269 360 399 442
385:0 34 85 87 94 118 133 164 473 203 214 226 227 247 248 253 271 285 322 334 347 396 412 428 430 442 446 447 500 502 579 563
406:0 14 164 188 191 203 214 247 253 402 412 437 447 563
407:0 14 34 164 188 191 203 214 247 253 390 398 402 412 437 438 447 607 563
415:0 405
416:0 164 179 188 203 214 253 390 404 405 408
420:0 14 164 203 214 402 412 447 563 654
421:0 14 164 203 214 402 412 447 579 563 654
421:1 14 164 203 214 402 412 447 579 563 654
422:0 34 56 57 58 59 133 164 203 214 330 414 503
422:1 34 56 57 58 59 133 164 203 214 330 414 503
423:0 34 56 57 58 59 89 127 133 164 188 203 214 330 414 444 482 503
423:1 34 56 57 58 59 89 127 133 164 188 203 214 330 414 444 482 503
425:0 34 85 87 94 116 133 164 203 214 226 247 271 285 347 360 502
426:0 34 85 87 94 116 133 164 203 214 226 247 271 285 347 360 502
434:0 53 116 126 164 188 203 214 231 242 247 269 399 417 492 579 607 634
435:0 53 116 126 164 188 203 214 231 242 247 269 398 399 417 492 579 607 634
436:0 89 94 164 473 203 214 247 248 271 285 334 347 360 430 446 447 484 502796
437:0 89 94 164 473 203 214 247 248 271 285 334 347 360 428 430 442 446 447 484 502 776 796
438:0 67 164 203 214 253 347 414 446 492
439:0 85 87 94 164 473 203 214 226 227 247 248 253 269 271 285 347 417 447 500 502 563
446:0 34 53 56 57 58 59 85 87 89 94 118 126 133 164 203 214 227 247 253 276 304 402 428 441 526
447:0 14 67 89 97 164 179 203 214 231 242 299 334 339 398 411 417 428 526
448:0 14 67 89 94 97 116 164 179 203 214 231 242 247 299 334 339 347 370 396 398 399 406 411 417 428 430 444 526 796
449:0 34 89 133 164 203 214 231 242 276 330 414 446 624
450:0 34 89 133 164 203 214 231 242 276 330 414 442 444 446 484 624 776
451:0 14 97 164 188 203 214 231 242 247 269 390 398 399 404 405
452:0 14 89 97 141 164 188 203 214 231 242 247 269 334 390 398 399 404 405 607 634
453:0 67 89 164 188 203 214 226 227 247 269 339 398 399 404 411 417 441 482 492 526 607
454:0 14 67 89 164 188 203 214 226 227 247 269 339 398 399 404 411 417 441 444 482 492 526 607 634
458:0 56 57 58 59 89 97 127 133 164 203 214 503
459:0 14 58 59 164 203 214 231 247 402 412 447
460:0 14 58 59 89 164 200 203 214 231 247 402 411 412 414 437 447
461:0 14 57 58 59 67 97 164 203 214 231 247 269 347 398 399 404 411 417 492 634
464:0 14 34 53 56 57 58 59 85 87 89 126 164 179 200 203 214 224 231 242 253 276 334 398 406 411 414 430 442 444 446 484 529 535 624 776
468:0 34 53 94 118 126 133 161 164 473 203 214 226 227 247 248 253 257 271 304 396 417 428 447 500 502 526 579 563
470:0 14 34 116 164 203 214 226 231 247 304 348 402 404 412 437 447 500 526
471:0 34 58 59 116 164 203 214 226 231 247 304 500 526
473:0 34 58 59 89 133 164 203 214 276 414 442 444 446 484 624 776
475:0 14 34 67 85 89 94 164 179 473 203 214 227 247 248 269 271 285 304 339 347 348 370 396 398 404 411 412 428 444 447 500 502 526 563 634
477:0 34 58 59 89 94 118 164 203 214 247 248 269 271 285 347 399 411 502 643
478:0 34 58 59 85 87 94 164 191 203 214 242 247 269 271 502
479:0 85 87 164 203 214 247 253 271 304 399 417 486 492 500 502
479:1 85 87 164 203 214 247 253 271 304 399 417 486 492 500 502
479:2 85 87 164 203 214 247 253 271 304 399 417 486 492 500 502
479:3 85 87 164 203 214 247 253 271 304 399 417 486 492 500 502
479:4 85 87 164 203 214 247 253 271 304 399 417 486 492 500 502
479:5 85 87 164 203 214 247 253 271 304 399 417 486 492 500 502
509:0 164 203 214 226 227 231 247 269 271 304 399 402 417 441 447 492 579
510:0 164 203 214 226 227 231 247 269 271 304 399 402 417 441 447 492 579 634
517:0 94 133 164 473 203 214 247 248 271 285 347 360 412 428 500 502 563
518:0 94 133 164 473 203 214 247 248 271 285 347 360 412 428 500 502 563
519:0 97 116 164 203 214 253 257 269 526
520:0 97 116 164 203 214 253 257 269 526
521:0 97 116 164 203 214 253 257 269 413 526 542
524:0 89 164 203 214 334 414 430 444 446 484 776
525:0 89 164 203 214 334 408 414 430 444 446 484 776
526:0 89 164 203 214 276 334 408 414 430 442 444 446 484 634 776
527:0 94 133 164 473 203 214 226 247 248 253 257 269 271 285 347 360 412 417 428 500 502 607
528:0 94 133 164 473 203 214 226 247 248 253 257 269 271 285 347 360 412 417 428 500 502 607 665
529:0 14 89 164 188 203 214 334 398 404 414 446 529 624
530:0 14 89 164 188 203 214 334 398 404 411 414 442 446 529 624 796
532:0 67 116 164 179 203 214 269 276 339 398 411 444 447 526
533:0 67 116 164 179 203 214 269 276 339 370 398 411 444 447 526 624
534:0 67 89 116 164 179 203 214 269 276 339 370 398 411 444 447 526 624
535:0 56 57 164 188 203 214 253 304 330 414 482 503 607
536:0 56 57 164 188 203 214 253 304 330 414 438 446 482 503 607
537:0 56 57 67 89 164 188 203 214 253 304 330 398 411 414 438 446 447 482 503 607 668
538:0 34 67 89 116 164 179 203 214 269 276 339 398 411 428 444 447 526
539:0 67 89 116 164 179 203 214 269 276 339 370 398 411 428 444 447 526 634
546:0 164 203 214 227 269 402 412 447 563
547:0 94 164 203 214 227 247 269 402 412 447 542 579 563
550:0 56 57 58 97 127 164 179 203 214 242 253 269 276 330 428 503 665 668
550:1 56 57 58 97 127 164 179 203 214 242 253 269 276 330 428 503 665 668
554:0 53 116 126 164 203 214 227 253 257 269 276 315 360 394 428 447 526
554:1 53 58 59 116 126 164 203 214 227 253 257 269 276 315 360 394 428 447 526
555:0 34 53 89 94 116 126 164 179 203 214 227 248 253 257 269 271 276 315 334 339 360 394 411 428 442 444 447 526 776
555:1 34 53 89 94 116 126 164 179 203 214 227 248 253 257 269 271 276 315 334 339 360 394 411 428 442 444 447 526 776
555:2 34 53 58 59 89 94 116 126 164 179 203 214 227 253 257 269 276 315 334 339 360 394 411 428 442 444 447 526 776
555:3 34 53 58 59 89 94 116 126 164 179 203 214 227 253 257 269 276 315 334 339 360 394 411 428 442 444 447 526 776
556:0 164 191 203 214 253 304 398 402 412 437 447 634
557:0 14 89 164 191 203 214 334 398 404 444 446
558:0 14 89 164 191 203 214 334 398 404 444 446 484 776
559:0 67 133 164 188 203 214 231 242 269 334 337 339 349 398 399 406 411 428 442 444 447 492 526
560:0 67 133 164 188 200 203 214 231 242 269 334 337 339 349 370 398 399 406 411 428 442 444 447 492 526 634
561:0 58 94 164 473 203 214 247 248 257 271 285 322 347 399 412 428 430 500 563
562:0 94 164 203 214 247 271 285 334 347 390 399 412 417 428 502
562:1 89 94 164 203 214 247 271 285 334 347 390 399 412 414 417 428 502
563:0 94 164 203 214 247 271 285 334 347 390 399 412 417 428 447 502 776
568:0 133 164 188 191 203 214 390 399 402 441 482 607
569:0 34 85 94 133 164 188 191 203 214 390 399 402 411 441 482 607 776
572:0 85 164 203 214 227 231 253 304 347 402 441 447 526 579 563
573:0 85 87 164 203 214 227 231 253 304 347 402 411 441 447 526 579 563
574:0 85 94 164 473 203 214 247 248 253 269 271 285 347 399 412 417 428 447 492 500 502
575:0 85 94 164 473 203 214 247 248 253 269 271 285 347 399 412 417 428 447 492 500 502
576:0 85 94 164 473 203 214 247 248 253 269 271 285 322 347 399 412 417 428 447 492 500 502
577:0 87 94 164 473 203 214 227 247 248 271 285 334 347 360 412 428 430 500 502
578:0 87 94 164 473 203 214 227 247 248 271 285 334 347 360 412 428 430 500 502
579:0 87 94 164 473 203 214 227 247 248 271 276 285 334 347 360 411 412 428 430 447 500 502
582:0 58 59 164 203 214 253 269 304 334 430 502
583:0 58 59 164 203 214 253 269 304 334 430 502
584:0 58 59 164 203 214 253 269 304 334 430 502
588:0 14 164 203 214 224 227 334 398 404 405 412 529
589:0 14 97 164 179 203 214 224 227 269 334 370 398 404 405 411 412 442 529 796
592:0 56 57 58 59 94 127 164 188 203 214 247 269 271 399 412 482 503 563
593:0 56 57 58 59 94 127 164 188 203 214 247 269 271 330 399 412 482 503 563
595:0 85 97 141 164 203 214 398 404 405 412 486 528
596:0 85 87 97 141 164 203 214 398 404 405 412 486 528 634
597:0 85 164 191 203 214 334 360 398 402 412 430 442 446 796
598:0 14 85 87 164 191 203 214 334 360 398 402 412 430 438 442 446 447 484 776 796
599:0 85 164 203 214 253 334 408 430 528 796
600:0 85 164 203 214 253 334 408 430 502 528 796
601:0 85 87 164 203 214 253 334 408 430 502 528 796
605:0 85 94 97 164 473 203 214 247 253 271 285 322 347 399 412 417 428 500 502
606:0 85 94 97 161 164 473 203 214 247 248 253 271 285 322 347 399 412 417 428 430 500 502
607:0 53 94 126 164 203 214 247 257 269 271 315 347 399 412 502
608:0 53 94 126 164 203 214 247 257 269 271 315 347 399 412 502
609:0 53 94 126 164 203 214 247 257 269 271 315 347 399 412 502
610:0 14 116 164 179 200 203 214 231 242 269 276 337 349 398 404 406
611:0 14 67 116 164 179 200 203 214 231 242 269 276 337 349 398 404 406
612:0 14 57 67 89 116 164 179 200 203 214 231 242 269 276 337 349 370 398 404 406 411 447
613:0 57 58 59 67 164 203 214 227 276 447 579
614:0 14 57 58 59 67 164 203 214 227 269 276 339 411 444 447 484 579 634 668 776
616:0 34 141 164 188 191 203 214 226 227 390 405 412
617:0 34 97 141 164 179 188 191 203 214 226 227 390 405 411 412 607
618:0 57 85 87 89 164 188 203 214 253 330 414 444 446 482 492 503 796
618:1 57 89 164 188 203 214 242 253 330 334 414 430 444 446 482 492 503
622:0 58 67 89 94 164 203 214 247 276 334 360 411 414 446 447 484 502
623:0 34 58 67 85 89 94 164 203 214 247 271 276 334 360 370 411 414 428 430 444 446 447 484 502 535 643 624 776
624:0 14 67 164 203 214 269 334 398 399 404 442 446 447 492 796
625:0 14 67 164 203 214 269 334 398 399 404 411 442 444 446 447 492 634 796
627:0 97 164 203 214 257 276 339 370 413 428 526 542
628:0 97 164 203 214 257 276 339 370 413 428 442 526 542
629:0 164 203 214 247 257 269 334 399 413 417 492
630:0 164 203 214 247 257 269 334 399 413 417 492
631:0 34 53 67 126 133 164 203 214 257 269 276 315 394 411 634
632:0 97 164 203 214 226 242 276 334 404 412 430 442 444 796
633:0 34 116 164 200 203 214 242 253 269 276 304 399 406 414 417 428 526
634:0 34 116 164 200 203 214 242 253 269 276 304 399 406 414 417 428 526
635:0 34 53 56 57 89 116 126 161 164 200 203 214 231 242 253 257 269 276 304 349 399 406 411 414 417 428 430 444 526 634
638:0 14 164 179 203 214 224 269 276 334 347 370 398 404 411 428 430 442 444 446 526
639:0 14 89 164 179 203 214 224 269 276 347 370 398 404 411 414 428 442 444 446 526
640:0 14 164 179 203 214 224 269 276 347 348 370 402 404 411 412 428 437 444 447 526
643:0 53 94 126 164 200 203 214 242 247 257 304 315 337 349 394 406 411 414 428 444 535 776
644:0 85 87 94 164 200 203 214 242 247 304 337 349 406 411 414 428 430 444 486 528 776
646:0 58 59 94 164 200 203 214 247 304 337 349 406 411 414 428 430 442 444 776
646:1 58 59 94 164 200 203 214 247 304 337 349 406 411 414 428 430 442 444 776
646:2 58 59 94 164 200 203 214 247 304 337 349 406 411 414 428 430 442 444 776
647:0 14 56 57 67 164 179 203 214 224 269 276 330 347 370 396 398 404 411 444 503 526 668
647:1 14 56 57 67 164 179 203 214 224 269 276 330 347 370 396 398 404 411 444 503 526 668
659:0 14 57 89 97 164 188 191 203 214 231 339 442 444 447 526 528
660:0 14 34 57 67 89 97 164 188 191 203 214 231 253 276 339 414 441 442 444 447 492 526 528 624
674:0 14 34 57 67 164 188 203 214 242 253 269 276 304 339 399 428 441 442 444 447 492 526
675:0 14 34 57 67 89 116 164 179 188 200 203 214 242 253 269 276 304 337 339 370 398 399 404 411 428 441 442 444 447 492 526 643 634
677:0 85 94 164 473 203 214 231 271 285 347 399 412 417 428 502 526 579
678:0 85 94 164 473 203 214 231 247 271 285 347 399 412 417 428 502 526 579
678:1 85 94 164 473 203 214 231 247 248 271 285 347 399 412 417 428 500 502 526 579
679:0 14 164 179 203 214 334 360 370 430 442 796
680:0 14 164 179 203 214 334 360 370 430 442 796
681:0 14 164 179 203 214 247 334 360 370 430 442 796
681:1 14 164 179 203 214 247 334 360 370 430 442
682:0 85 94 164 203 214 227 285 347 360 412 417 430 502 563
683:0 85 87 94 118 164 473 203 214 227 285 347 360 412 417 430 502 563
684:0 53 57 85 94 133 164 203 214 347 412 579 563
685:0 53 57 85 87 94 118 133 164 203 214 347 412 579 563
686:0 53 85 94 164 203 214 226 248 269 276 347 399 417 492 500 502 668
687:0 53 85 94 164 179 473 203 214 226 248 269 276 347 399 417 492 500 502 634 668
688:0 14 57 58 59 89 164 188 203 214 253 269 334 398 404 444 446 447 482 503 668
689:0 14 57 58 59 67 89 164 188 203 214 253 269 276 330 334 337 339 398 404 411 414 444 446 447 482 503 668
694:0 57 85 87 97 164 203 214 231 399 447 486 502 528
695:0 57 67 85 87 97 164 203 214 231 304 399 406 411 447 486 502 528
700:0 34 116 164 473 203 214 226 231 247 285 304 347 500 526 579 563
701:0 14 67 97 164 179 203 214 226 227 269 276 339 370 398 404 411 413 428 442 444 447 502 526 634 776
704:0 34 85 164 188 200 203 214 231 330 406 482
705:0 34 58 59 85 164 188 200 203 214 231 330 406 482
706:0 34 53 56 57 58 59 85 87 89 126 164 188 200 203 214 231 276 330 406 411 438 482 776
708:0 94 164 203 214 247 271 285 398 399 402 412 447 492 502 607
709:0 89 94 164 203 214 247 271 285 347 398 399 402 404 411 412 437 447 492 502 607
710:0 53 94 126 164 188 203 214 247 271 285 360 399 402 412 447 492 502
710:1 53 94 126 164 188 203 214 247 271 285 360 399 402 412 447 492 502
710:2 53 94 126 164 188 203 214 247 271 285 360 399 402 412 447 492 502
710:3 53 94 126 164 188 203 214 247 271 285 360 399 402 412 447 492 502
711:0 53 94 126 164 188 203 214 247 271 285 360 399 402 411 412 417 438 447 492 502
711:1 53 94 126 164 188 203 214 247 271 285 360 399 402 411 412 417 438 447 492 502
711:2 53 94 126 164 188 203 214 247 271 285 360 399 402 411 412 417 438 447 492 502
711:3 53 94 126 164 188 203 214 247 271 285 360 399 402 411 412 417 438 447 492 502
712:0 57 58 59 164 203 214 242 334 360 430 444
713:0 34 56 57 58 59 89 164 203 214 242 276 334 360 430 442 444 484 624 776
714:0 94 97 141 164 200 203 214 231 247 253 257 269 304 399 404 406 528 542
715:0 53 94 97 141 164 200 203 214 231 247 253 257 269 304 337 349 399 404 406 411 528 542
722:0 14 164 203 214 226 348 402 412 413 417 447 526
723:0 14 164 203 214 226 348 402 412 413 417 447 526
724:0 14 164 203 214 226 247 348 402 412 413 417 437 447 526 542
725:0 14 34 53 126 141 164 200 203 214 242 257 269 315 339 394 417 526
726:0 14 34 53 126 141 164 200 203 214 242 257 269 315 339 394 417 526
727:0 14 34 53 67 89 126 141 164 179 200 203 214 242 257 269 276 299 315 339 370 394 399 411 417 442 526 535 643 634
728:0 56 57 58 59 127 133 164 203 214 227 231 253 304 503 526 579
729:0 56 57 58 59 127 133 164 203 214 227 231 253 304 503 526 579
730:0 56 57 58 59 94 127 133 164 203 214 227 231 247 253 304 347 412 500 503 526 579 563 668
736:0 85 164 203 214 242 398 404 528
737:0 85 164 203 214 242 334 398 404 486 528
738:0 85 87 97 164 203 214 242 334 398 404 405 412 430 486 528
742:0 94 141 164 203 214 226 271 285 347 405 412 502 579 563
743:0 94 141 164 203 214 226 271 285 347 405 412 502 579 563 654
746:0 56 57 58 89 127 164 203 214 231 253 330 503 668
746:1 56 57 58 89 127 164 203 214 231 253 330 503 668
747:0 56 57 58 59 164 188 203 214 330 334 390 398 441 482 503 607 668
748:0 56 57 58 59 164 188 203 214 330 334 390 398 441 482 503 607 668
749:0 34 67 89 164 203 214 276 334 370 414 442 446 484 624
750:0 34 67 89 164 203 214 276 334 370 411 414 442 446 484 624 776
751:0 57 58 59 127 141 164 203 214 242 334 398 404 405 503 668
752:0 56 57 58 59 127 141 164 203 214 242 334 398 404 405 503 668
755:0 133 164 188 203 214 402 412 447 563 654
756:0 133 164 188 203 214 402 412 447 563 654
757:0 53 126 141 164 188 203 214 231 257 269 315 337 398 406 417 441 482 492 607
758:0 53 126 141 164 188 203 214 227 231 257 269 315 337 349 394 398 406 417 441 482 492 607
759:0 14 89 164 203 214 269 276 339 411 428 442 526
760:0 14 34 67 89 164 179 203 214 269 276 337 339 370 411 428 442 526 643 624 776
761:0 164 203 214 402 412 428 447 579 563
762:0 164 203 214 402 412 428 437 447 579 563
763:0 67 164 203 214 269 402 412 428 437 438 447 579 563
765:0 85 87 89 94 164 473 203 214 227 247 248 269 271 347 411 412 417 428 492 500 502 526
766:0 89 116 164 179 203 214 231 247 253 269 276 339 360 370 402 411 412 441 442 447 526
767:0 57 127 141 164 191 203 214 269 405 503
768:0 14 57 58 59 127 141 164 188 191 203 214 269 330 334 339 370 398 399 404 405 411 442 482 503 529 634 668
771:0 164 203 214 226 269 607
772:0 14 161 164 203 214 334 337 404 442 526
773:0 14 53 57 58 85 161 164 179 200 203 214 242 247 257 304 334 337 404 428 430 442 526 665
773:1 14 53 57 58 85 161 164 179 200 203 214 242 247 257 304 334 337 404 428 430 442 526 665
773:2 14 53 57 58 85 161 164 179 200 203 214 242 247 257 304 334 337 404 428 430 442 526 665
773:3 14 53 57 58 85 161 164 179 200 203 214 242 247 257 304 334 337 404 428 430 442 526 665
773:4 14 53 57 58 85 161 164 179 200 203 214 242 247 257 304 334 337 404 428 430 442 526 665
773:5 14 53 57 58 85 161 164 179 200 203 214 242 247 257 304 334 337 404 428 430 442 526 665
773:6 14 53 57 58 85 161 164 179 200 203 214 242 247 257 304 334 337 404 428 430 442 526 665
773:7 14 53 57 58 85 161 164 179 200 203 214 242 247 257 304 334 337 404 428 430 442 526 665
773:8 14 53 57 58 85 161 164 179 200 203 214 242 247 257 304 334 337 404 428 430 442 526 665
773:9 14 53 57 58 85 161 164 179 200 203 214 242 247 257 304 334 337 404 428 430 442 526 665
773:10 14 53 57 58 85 161 164 179 200 203 214 242 247 257 304 334 337 404 428 430 442 526 665
773:11 14 53 57 58 85 161 164 179 200 203 214 242 247 257 304 334 337 404 428 430 442 526 665
773:12 14 53 57 58 85 161 164 179 200 203 214 242 247 257 304 334 337 404 428 430 442 526 665
773:13 14 53 57 58 85 161 164 179 200 203 214 242 247 257 304 334 337 404 428 430 442 526 665
773:14 14 53 57 58 85 161 164 179 200 203 214 242 247 257 304 334 337 404 428 430 442 526 665
773:15 14 53 57 58 85 161 164 179 200 203 214 242 247 257 304 334 337 404 428 430 442 526 665
773:16 14 53 57 58 85 161 164 179 200 203 214 242 247 257 304 334 337 404 428 430 442 526 665
773:17 14 53 57 58 85 161 164 179 200 203 214 242 247 257 304 334 337 404 428 430 442 526 665
776:0 34 53 89 126 164 200 203 214 231 253 257 269 304 315 334 337 339 406 411 430 442 444 484 526 535 776
777:0 85 87 97 164 179 203 214 227 231 360 398 428 442 447 486 526 528 796
778:0 14 85 87 94 141 164 203 214 247 269 271 339 399 404 526 579 563
778:1 14 85 87 94 141 164 203 214 247 269 271 339 399 404 526 579 563
780:0 53 56 57 58 59 85 87 89 126 133 164 200 203 214 247 253 257 276 304 337 347 349 406 411 412 447 526 542 579
781:0 14 56 57 89 164 203 214 247 330 334 360 412 430 438 442 447 482 484 502 668 776
782:0 14 67 89 164 179 200 203 214 231 253 269 334 337 339 349 404 406 411 442 526
783:0 14 67 89 164 179 200 203 214 231 253 269 334 337 339 349 370 404 406 411 442 526
784:0 14 53 67 89 164 179 200 203 214 231 253 269 276 304 334 337 339 349 370 396 398 404 406 411 430 442 446 526 776
789:0 
790:0 322
791:0 53 85 87 89 94 97 126 164 200 473 203 214 231 242 248 276 304 322 334 347 360 370 394 411 428 430 442 444 484 526 528 535 665
792:0 58 59 85 87 94 97 164 473 203 214 247 248 257 271 322 347 411 526 563
800:0 14 89 94 164 200 473 203 214 248 257 304 322 334 347 349 360 399 404 406 408 414 430 442 444 446 500 502 665
800:1 14 89 94 164 200 473 203 214 248 257 304 322 334 347 349 360 399 404 406 408 414 430 442 444 446 500 502 665
800:2 14 89 94 164 200 473 203 214 248 257 304 322 334 347 349 360 399 404 406 408 414 430 442 444 446 500 502 665
802:0 67 97 164 179 200 203 214 247 276 299 339 347 370 396 398 411 428 442 444 447 492 526 634
807:0 67 85 87 97 164 179 200 203 214 231 269 276 299 339 347 370 396 411 447 486 526 528 579 634
808:0 85 164 203 214 334 360 430
809:0 34 58 85 87 164 203 214 276 334 360 430 442 484 643 624 776
810:0 14 67 116 164 203 214 253 269 412 447 526
811:0 14 67 116 164 203 214 253 269 412 447 526
812:0 14 34 67 89 116 164 203 214 253 269 276 304 339 411 412 414 437 447 526 643 624 776
813:0 53 67 97 116 126 164 179 203 214 226 257 269 299 315 441 486 502 526
814:0 53 67 97 116 126 164 179 203 214 226 257 269 299 315 339 394 441 486 502 526
815:0 53 67 97 116 126 164 179 203 214 226 247 257 269 299 315 339 394 411 428 441 442 486 502 526
816:0 57 164 203 214 226 330 526 668
817:0 57 164 203 214 226 330 526 668
818:0 14 56 57 58 59 97 116 118 127 164 203 214 226 247 330 399 503 526 668
819:0 34 133 164 203 214 231 242 253 304 360 402
820:0 14 34 89 133 164 203 214 231 242 253 276 304 360 402 528 665 776
821:0 97 116 164 179 203 214 269 413 417 526
822:0 97 116 164 179 203 214 269 413 417 526
823:0 34 97 116 164 179 203 214 269 334 339 413 417 430 442 484 526 542 776 796
824:0 
825:0 94 141 164 473 203 214 247 248 271 285 334 347 405 412 428 500 502 776
826:0 94 97 141 164 473 203 214 226 247 248 271 285 334 347 405 412 428 500 502 776
827:0 97 164 203 214 226 269 417 492 579
828:0 94 97 164 203 214 226 242 247 269 399 417 447 492 579
829:0 164 203 214 304 412 437 447 654
830:0 164 203 214 304 402 412 437 447 654
831:0 97 164 179 203 214 486 528
832:0 14 34 97 164 179 203 214 226 428 486 528 776
833:0 34 56 57 164 203 214 668
834:0 14 34 56 57 58 59 89 127 164 203 214 224 231 242 276 330 334 398 414 444 446 503 624 634 668 776
835:0 85 87 164 203 214 242 253 486 528 579
836:0 85 87 97 116 164 203 214 242 253 304 339 486 528 579 665
837:0 164 191 203 214 334 360 442 444 446 535
838:0 53 126 164 191 203 214 257 315 334 360 394 442 444 446 484 503 535 624 776
839:0 34 53 89 126 164 191 203 214 257 315 334 360 394 414 442 444 446 484 503 535 624 776
840:0 
841:0 116 164 200 203 214 334 349 402 406 412 447 484
842:0 34 89 133 164 200 203 214 276 334 360 402 406 412 447 484 624 776
843:0 89 164 203 214 414 529
844:0 89 164 200 203 214 334 414 428 442 444 446 529 542 624 776
845:0 56 57 58 59 97 133 164 179 203 214 253 276 413 503 542 634 668
845:1 56 57 58 59 97 133 164 179 203 214 253 276 413 503 542 634 668
845:2 56 57 58 59 97 133 164 179 203 214 253 276 413 503 542 634 668
846:0 97 116 127 164 203 214 242 370 398 503 529 634 665 668
847:0 56 57 97 116 127 164 203 214 242 370 398 503 529 634 665 668
848:0 164 203 214 227
849:0 85 87 164 188 203 214 227 253 269 304 398 441 482 486 500 528 634
849:1 85 87 164 188 203 214 227 253 269 304 398 441 482 486 500 528 607 634
850:0 141 164 203 214 242 257 405 438 503 535
851:0 53 126 141 164 203 214 242 257 315 394 404 405 438 503 535
852:0 34 127 164 179 203 214 269 276 330 339 370 411 526 668
853:0 34 56 57 127 164 179 203 214 269 276 330 339 370 411 526 668
854:0 94 118 164 473 203 214 226 247 271 399 417 492 500 502
854:1 94 118 164 473 203 214 226 247 271 399 417 492 500 502
855:0 94 118 164 473 203 214 226 247 271 399 417 492 500 502
855:1 94 118 164 473 203 214 226 247 271 399 417 492 500 502
856:0 94 164 473 203 214 226 285 347 399 500 579 563
857:0 94 164 473 203 214 226 285 347 399 500 579 563
858:0 14 94 164 473 203 214 226 247 248 285 347 399 438 500 579 563
859:0 67 118 141 164 203 214 253 269 271 399 417 492 579 563
860:0 67 118 141 164 203 214 253 269 271 399 417 492 579 563 634
861:0 34 67 116 118 141 164 203 214 242 253 269 271 276 339 399 411 417 438 492 579 563 643 634 776
862:0 34 57 58 59 67 85 87 116 164 179 203 214 231 247 269 271 304 334 339 370 402 404 441 447 526 634 776
863:0 14 34 85 87 133 164 203 214 226 231 242 247 253 269 304 334 360 370 399 402 417 441 442 484 492 526 579 634 796
864:0 34 56 57 58 59 89 94 133 141 164 203 214 247 334 347 408 414 444 446 503 634 668
865:0 14 34 116 164 203 214 276 334 348 370 398 413 526 634
866:0 34 58 59 85 87 94 118 164 473 203 214 226 227 247 248 253 269 271 285 334 347 411 412 417 428 447 492 500 502 563
867:0 89 94 133 164 203 214 247 269 271 285 334 347 390 399 406 412 414 417 428 444 446 447 502 776
868:0 164 203 214 500 563
869:0 94 118 161 164 473 203 214 227 347 412 500 579 563
869:1 94 118 161 164 473 203 214 227 347 412 500 579 563
869:2 94 118 161 164 473 203 214 227 347 412 500 579 563
869:3 94 118 161 164 473 203 214 227 347 412 500 579 563
869:4 94 118 161 164 473 203 214 227 347 412 500 579 563
869:5 94 118 161 164 473 203 214 227 347 412 500 579 563
869:6 94 118 161 164 473 203 214 227 347 412 500 579 563
869:7 94 118 161 164 473 203 214 227 347 412 500 579 563
869:8 94 118 161 164 473 203 214 227 347 412 500 579 563
870:0 14 97 116 164 179 203 214 224 276 334 339 370 398 411 428 442 634
871:0 56 57 85 87 164 179 191 203 214 330 390 398 503 607 634 668
872:0 164 203 214 405
873:0 58 59 141 164 203 214 347 405 542 579 563
874:0 34 89 164 203 214 276 334 414 444 446 484 535 776
875:0 56 57 58 59 97 127 133 164 179 203 214 334 428 442 668
875:1 56 57 58 59 97 127 133 164 179 203 214 334 428 442 668
876:0 94 118 161 164 473 203 214 227 247 248 271 304 347 412 428 500 502 579 563
876:1 94 118 164 473 203 214 226 247 248 271 304 347 412 428 500 502 579 563
877:0 85 87 97 164 200 203 214 242 253 269 399 402 417 486 492 528 665
877:1 85 87 97 164 200 203 214 242 253 269 399 402 417 486 492 528 665
878:0 34 164 203 214 276 334 414 428 438 442 446 526 579 624 776 796
879:0 34 89 164 200 203 214 269 276 334 414 428 430 438 442 444 446 484 526 535 579 624 776 796
880:0 34 53 67 85 87 89 126 164 200 203 214 231 269 337 406 414 444 486 528 624
881:0 34 56 57 58 59 67 85 87 164 203 214 231 269 304 444 486 528
882:0 34 56 57 67 89 127 141 164 200 203 214 242 406 414 428 442 444 503 665 668
883:0 34 56 57 58 59 127 164 203 214 242 334 428 442 444 665 668
884:0 14 34 85 87 164 200 203 214 334 337 360 399 406 430 442 444 446 484 492 776 796
885:0 164 203 214 226
886:0 53 56 57 85 87 97 126 164 200 203 214 226 247 349 406 502 503 665
887:0 34 53 56 57 85 87 97 126 161 164 200 203 214 226 247 337 349 406 502 503 665
888:0 14 97 116 164 179 203 214 231 242 304 370 411 442 526 528 579 665
888:1 14 97 116 164 179 203 214 231 242 304 370 411 442 526 528 579 665
889:0 97 116 164 179 203 214 231 242 304 334 370 411 430 442 526 528 579 563 665
889:1 97 116 164 179 203 214 231 242 304 334 370 411 430 442 526 528 579 563 665
890:0 53 97 164 188 203 214 247 322 349 390 398 406 430 482 607
890:1 53 97 164 188 203 214 247 322 349 390 398 406 430 482 607
