1:0 130 80 174 275 267 92
4:0 187 246 44 407 232 68 17 525
7:0 243 114 54 175 281 252 392 453 323 791
37:0 95 175 336 262 560 46 488
37:1 568 95 175 336 572 560 46
43:0 75 175 235 275 321 298 267 495 650 73
50:0 246 29 515 262 468
50:1 319 246 37 29 515 262 468
52:0 180 95 387 175 39 343
52:1 180 95 600 175 260 343
52:2 180 38 174 175 400 343
58:0 37 38 234 343 24
66:0 68 418 321 501 66
77:0 37 24 95 38 32 234
77:1 37 24 95 38 32 234
83:0 16 98 175 297 174 343 400 355 493 646 515 364 143
83:1 68 98 175 501 174 343 400 493 38 364 143
90:0 61 352 392 791
92:0 195 114 310 288 50 499 123 513 92
95:0 175 335 111 469 205 525 457
98:0 282 246 359 163 400
109:0 60 220 288 180 174 254 256 255
111:0 68 174 407 130 368 470 397
118:0 60 114 401 367 189
122:0 95 252 109 471 321
122:1 252 109 471 321
131:0 321 174 32 246 90 568 644
133:0 175 174 321 281 197 24 189 273
143:0 38 174 90 68 380
163:0 48 17 18 297 101 432
170:0 60 54 352 487
172:0 217 273 268 252 321 175 586
173:0 217 273 312 321 505
175:0 217 64 375 326 234 332
177:0 65 98 297 389 355 493
185:0 29 106 111 174 205 397
194:0 246 174 254 256 255 68 24 105 495 491 602
211:0 175 114 61 48 310 453 352 491
213:0 230 282 367 51 515 111 571 92 343
215:0 68 180 44 252 458 420 364 556
220:0 44 246 38 90 174 556 568
222:0 54 109 267 174 352 457
222:1 114 109 267 194 352 457
223:0 190 48 114 175 323 491
225:0 62 98 150 229 420 252 568 194 68 635 262
226:0 239 114 21 243 150 366 109
236:0 229 136 183 170 68 410 418 364
246:0 23 246 174
263:0 321 493 245
263:1 600 501 282
270:0 235 75 230 73 321 68 298
273:0 73 98 36 388 432 400
278:0 239 16 392 282 487 469 314 332
280:0 50 212 262 194 288 425 109 282
290:0 16 400 450 515 175
302:0 105 260 364 389 368 259
303:0 246 321 21 69 602
309:0 29 174 415 209
315:0 178 79 75 326 791
320:0 38 37 174 90 321 111 205 392 487
324:0 281 90 130 175 246
328:0 98 16 175 210 450 364 646
339:0 37 209 175 36
341:0 246 232 38 453 415 163
349:0 243 225 95 109 54 114 321
355:0 220 288 262 114
361:0 335 50 415 205 556
406:0 235 178 79 75 326 791
420:0 75 230 321 267 312 505 361 111 592 205
422:0 68 243 254 256 255 281 174 124 499 54 151
422:1 68 243 254 256 255 281 174 124 499 54 151
425:0 262 50 114 95 499 432
434:0 43 123 38 310 114 163
438:0 29 106 111 174 205 397
439:0 95 252 109 471 321
446:0 38 174 90 68 584
447:0 238 197 44 170 136 410 418 509 336
449:0 254 256 255 174 18
451:0 28 163 109 18
453:0 364 223 29 410 252 238 418 68 501
458:0 239 114 21 243 150 366 109
459:0 73 74 38 23 130
509:0 281 343 383 163 104 98
517:0 174 361
519:0 95 273 234 400 432
524:0 174 475 36 356 469
527:0 282 48 355 260 375
529:0 319 66 163
532:0 68 197 469 183 602 432
535:0 352 54 92 189
546:0 321 262 415 388 267
550:0 61 283
550:1 61 283
554:0 264 359 36 172 281 326
554:1 264 359 36 172 281 568 510 602
556:0 388 452
557:0 400 68 174 335 469 282
559:0 68 197 252 501 602 491
561:0 375 246 355
562:0 262
562:1 262
568:0 114 174 28 475 205
572:0 39 401 282 175
574:0 243 212 505 259 252
577:0 310 109 151
582:0 475 393 420 153 635 556
588:0 68 450 282 163 400
592:0 151 109 220 54 61 650
595:0 40 656 522 104 571
597:0 73 356 491 92 282
605:0 50 310 244 194
607:0 151 114 499 471
610:0 68 400 283 106 646 68
613:0 281 400 264
616:0 38 470 170 364
618:0 281 310 174 180 209 220 513
618:1 20 281 310 174 180 68 220 513
624:0 389 29 212 501
629:0 212 355 92
631:0 400 174 389 321 584
632:0 522 646 368 571 175
633:0 458 310 457 584
659:0 111 205
674:0 511 501 480 658 69
677:0 281 321
679:0 194 469 335
682:0 50 273 495
684:0 495 281 383 605
686:0 194 50 367
688:0 415 400 28
694:0 137 407 525
701:0 494 501 364 432 212 238
704:0 68 791
708:0 288 389 50
710:0 50 194 174
710:1 50 194 174
710:2 50 194 174
710:3 50 194 174
712:0 54 243 635
714:0 432 407
722:0 109 432 282 104
725:0 252 658 600
728:0 392 195 791
736:0 106 435
742:0 572 605 583
746:0 54 352 36
746:1 54 352 36
747:0 254 256 255 114 571
749:0 38 90 479 46
751:0 471 254 255 605
755:0 77 78 74 73
757:0 584 28 252 189
759:0 395 205 111 23
761:0 235 367 283
765:0 326 281 387 138
766:0 69 233 501 98 364 68 282
767:0 232 469 106 453 205
771:0 321 180 243 207
776:0 469 457 229 174
777:0 217 273 252 321 175 586
778:0 288 194 174
778:1 288 194 174
780:0 407 54 321
782:0 68 225 264
810:0 74 359 252 70 267 388 73
813:0 136 28 389 162
816:0 453 104 392 54 114 420 591
819:0 205 111 387 187
821:0 143 28 366 432 249 180 355
824:0 571 48 605 105
827:0 501 282 336 259
829:0 74 73 388 77 78 79
831:0 23 207 68
833:0 130 380 525
835:0 38 28 488 435 336
837:0 153 189 335
840:0 389 205 111 278
843:0 407 189 387 584 342
845:0 432 332 297 392 355
845:1 432 332 297 392 355
845:2 432 332 297 392 355
846:0 37 367 163 400
848:0 283 319 602
850:0 282 522 205 111
852:0 220 487 389 509 69 602
856:0 583 575 495 511
868:0 560 387
871:0 262 389
872:0 565 243 450
874:0 174 246
875:0 487 392 187 38 556 457
875:1 487 392 187 38 556 457
876:0 244 252 326
876:1 244 252 375 505
877:0 207 162 268 321 229 511 600 252
877:1 207 162 268 321 229 511 600 252
878:0 38 584 174 21 90 207 18 111
884:0 163 400 243
885:0 174 288 109 104 50 525 389
